"1" "2" "3"
"54" 0.00329344467433297 0.991502726600309 0.00520382872535835
"94" 0.0125894845837463 0.965267473692968 0.0221430417232861
"202" 0.0394344698070933 0.948495265228888 0.0120702649640185
"217" 0.99305758295593 0.0050066157751176 0.00193580126895287
"237" 0.0991045731616991 0.893324364937461 0.00757106190083949
"248" 0.261113059083791 0.718762766796282 0.0201241741199262
"251" 0.987323824332461 0.00635251417172944 0.00632366149580972
"253" 0.917273172705437 0.0406239350281323 0.0421028922664308
"257" 0.0389710163483901 0.957725775584046 0.00330320806756431
"261" 0.983513479366192 0.0130279294240544 0.0034585912097536
"263" 0.0243338038418912 0.371091537705864 0.604574658452245
"268" 0.0292950740151751 0.968019612398114 0.00268531358671142
"269" 0.0692868535922963 0.922950244240999 0.00776290216670511
"277" 0.990758225775666 0.00472873232298139 0.00451304190135213
"291" 0.0665322321667569 0.907672995302935 0.0257947725303079
"307" 0.998639994788196 0.000709243930362472 0.000650761281441538
"316" 0.999251283430483 0.000232674175531205 0.000516042393986042
"319" 0.99958807383318 0.000342395800769128 6.95303660508422e-05
"321" 0.00422445985485221 0.0262012487417971 0.969574291403351
"327" 0.999276505257779 0.000517595825946842 0.000205898916274376
"328" 0.0126721390063615 0.77166509484159 0.215662766152048
"337" 0.99145571293169 0.00695886844358534 0.00158541862472502
"341" 0.0198551414569277 0.96403625884411 0.0161085996989618
"344" 0.094618462484269 0.891390937447195 0.0139906000685357
"348" 0.940542707108484 0.032005401596455 0.0274518912950607
"363" 0.993510815493314 0.00556770376045687 0.000921480746229489
"364" 0.99062290002184 0.00523610736835699 0.00414099260980296
"366" 0.140877064550425 0.755332967462503 0.103789967987072
"371" 0.0373125139049708 0.95431390569486 0.00837358040016934
"378" 0.992473609149985 0.00314630188745821 0.00438008896255688
"382" 0.994474098112556 0.00276561584618065 0.0027602860412631
"383" 0.954565530725071 0.0228682347426104 0.0225662345323188
"384" 0.96196725585566 0.0201036749990344 0.0179290691453058
"387" 0.935888566092904 0.0335938914787907 0.0305175424283054
"390" 0.414597544666132 0.56416572514567 0.0212367301881978
"396" 0.997718155750651 0.00199512538142571 0.000286718867922897
"397" 0.995897767646553 0.00110198003266606 0.00300025232078098
"399" 0.992214777637378 0.00351893529484047 0.00426628706778169
"402" 0.0207022547425208 0.963215732875203 0.0160820123822763
"406" 0.00342073035772507 0.00497168799727875 0.991607581644996
"411" 0.998474019305686 0.000468675251984589 0.00105730544232983
"412" 0.954768542287262 0.00752519832275087 0.037706259389987
"413" 0.996150873027922 0.00191808016558605 0.0019310468064919
"420" 0.0212157238281102 0.949723811901478 0.0290604642704118
"423" 0.0020009813358097 0.0173025317232822 0.980696486940908
"434" 0.96932468312957 0.0141450236390488 0.0165302932313815
"435" 0.999611013442728 0.00021817995126113 0.000170806606010504
"440" 0.999297019378588 0.000313483759320223 0.000389496862091384
"443" 0.063201218495571 0.931362298902064 0.00543648260236465
"444" 0.0299093282874233 0.96952087833495 0.000569793377626263
"446" 0.0579671819105538 0.919193509594412 0.022839308495034
"453" 0.276034366799478 0.720232831089157 0.00373280211136463
"460" 0.983203620677445 0.0116261795816095 0.00517019974094513
"466" 0.146713632112872 0.804974460274874 0.0483119076122534
"467" 0.0295965428516151 0.963798550939265 0.00660490620911989
"469" 0.157663826265763 0.82611189024335 0.0162242834908869
"470" 0.147376854334271 0.779035565125374 0.0735875805403547
"471" 0.0335107789041947 0.964545350465684 0.00194387063012083
"473" 0.381220879293384 0.606858638882189 0.0119204818244277
"480" 0.993049736325629 0.00376081870507045 0.00318944496930057
"488" 0.170491393678294 0.800001089915682 0.0295075164060248
"489" 0.0555038405264681 0.925612794799953 0.0188833646735789
"490" 0.605740061012537 0.379760415570633 0.0144995234168301
"492" 0.0669272297246089 0.897702246244965 0.0353705240304259
"493" 0.193803870215963 0.778288826959357 0.0279073028246807
"494" 0.114149183082354 0.865303756750831 0.0205470601668154
"495" 0.130091119070818 0.837126194137681 0.0327826867915015
"496" 0.110161242603867 0.847227896254187 0.0426108611419465
"497" 0.392815605824335 0.580737160499311 0.0264472336763536
"498" 0.0418627846963453 0.947175356855926 0.010961858447729
"499" 0.163523080896429 0.783488945303559 0.0529879738000124
"501" 0.196229249115184 0.791652261849118 0.0121184890356981
"526" 0.158321628852941 0.814908461005163 0.0267699101418953
"542" 0.207875864495089 0.790094320532451 0.00202981497245974
"548" 0.192546344425362 0.798112979235387 0.00934067633925115
"551" 0.83926068160795 0.0544837878517413 0.106255530540309
"552" 0.971653846579335 0.0137849474853572 0.0145612059353076
"560" 0.00529589253958251 0.579042018457788 0.41566208900263
"563" 0.360112901612876 0.637169443967165 0.00271765441995887
"564" 0.301635690057358 0.696063009964667 0.00230129997797454
"565" 0.238930116455035 0.753534943574953 0.00753493997001244
"575" 0.042161919154426 0.919392951975202 0.038445128870372
"577" 0.0201585136955346 0.944007559583686 0.0358339267207792
"578" 0.212594592056001 0.724848425708942 0.062556982235057
"580" 0.220484434829477 0.777784984423298 0.00173058074722484
"581" 0.178714719772509 0.593956219488961 0.22732906073853
"587" 0.0251444189611702 0.959258915901163 0.0155966651376667
"588" 0.0715291176175171 0.832990837485697 0.0954800448967854
"590" 0.000139253187867472 0.999752125402093 0.000108621410039585
"591" 8.07371836286201e-05 0.9901306869026 0.00978857591377122
"592" 0.00135882244001206 0.998191202604674 0.000449974955313818
"599" 0.013195508759973 0.880272588191508 0.106531903048519
"607" 0.00142575231859921 0.993043215187735 0.00553103249366594
"614" 0.0588604339871661 0.925598403936559 0.0155411620762751
"621" 0.295451915800431 0.664419240613623 0.0401288435859462
"625" 0.0688251752038714 0.916893447308889 0.0142813774872391
"626" 0.00253976833350052 0.995764345859449 0.00169588580705074
"627" 0.109863934024432 0.863545545814291 0.0265905201612772
"628" 0.349755380829612 0.631290879168125 0.018953740002263
"630" 0.21804306622942 0.758587480096531 0.0233694536740482
"634" 0.99827205386055 0.000821206591695574 0.000906739547754603
"637" 0.980214690454846 0.0102103915267431 0.00957491801841045
"651" 0.617795139903462 0.318081404416242 0.0641234556802953
"655" 0.160827079886719 0.722948348207046 0.116224571906235
"656" 0.128362534174863 0.76839083535261 0.103246630472528
"688" 0.201124791983251 0.782816861107065 0.0160583469096842
"703" 0.258196639146505 0.719664913221664 0.0221384476318308
"705" 0.0355675546983085 0.93710045305321 0.0273319922484819
"707" 0.00299153738330633 0.99406694682845 0.00294151578824401
"708" 0.000284868725576276 0.999397998533919 0.000317132740504839
"711" 0.183422350981182 0.778474747600972 0.0381029014178459
"717" 0.0325452558783748 0.919623548473105 0.0478311956485196
"724" 0.314418313164105 0.653506513867884 0.0320751729680107
"726" 0.0466459508050633 0.0202619734687621 0.933092075726175
"731" 0.0491785646085596 0.858639227828151 0.0921822075632898
"749" 0.000222984765377255 0.999353265306335 0.00042374992828803
"755" 0.016738291120518 0.951854710026411 0.0314069988530715
"757" 0.425956585118384 0.560261796693315 0.0137816181883014
"761" 0.0288544208498775 0.950271647274834 0.0208739318752887
"774" 0.0238763493983112 0.952609430295383 0.0235142203063054
"779" 0.991169273181049 0.00634252857395765 0.00248819824499344
"785" 0.974315891293172 0.00836724981363309 0.017316858893195
"789" 0.101008462116242 0.868787216225221 0.0302043216585369
"793" 0.0213624652475057 0.95613958428063 0.0224979504718647
"796" 0.575698125790414 0.401836596671512 0.0224652775380741
"804" 0.0874339554544993 0.892498247462329 0.0200677970831718
"823" 0.381491067404561 0.531757525905647 0.0867514066897918
"838" 0.247456946328727 0.652087966454874 0.100455087216399
"846" 0.00529937879547109 0.988097653084588 0.00660296811994052
"847" 0.28435543957007 0.664582580163411 0.0510619802665188
"850" 0.00374854439117706 0.977464636640338 0.018786818968485
"851" 0.00649677416612936 0.984286949146763 0.00921627668710714
"853" 0.0440613658824836 0.940570383890396 0.0153682502271205
"854" 0.0132793933970082 0.975170567180445 0.0115500394225463
"863" 0.00459399961788451 0.991133588320351 0.00427241206176421
"866" 0.772277463238498 0.182756524761968 0.0449660119995341
"874" 0.431632563150933 0.544983673950856 0.0233837628982111
"886" 0.160184633259975 0.819388593684393 0.0204267730556316
"925" 0.900550862747602 0.0894992160712738 0.00994992118112401
"938" 0.0257338193588804 0.971327421714103 0.00293875892701676
"939" 0.0132991944005451 0.985753788338707 0.000947017260747468
"947" 0.986352117509093 0.00920752891233162 0.00444035357857536
"950" 0.994366456926564 0.00291434941460637 0.00271919365882961
"951" 0.996069545869608 0.00192922592489351 0.00200122820549828
"953" 0.986945456252637 0.00709825161459148 0.0059562921327713
"957" 0.959211787863793 0.0203383816302544 0.0204498305059524
"998" 0.0324844587779093 0.930245280058184 0.0372702611639064
"999" 0.173488954236422 0.80198028873038 0.0245307570331984
"1014" 0.295942843378763 0.6798117013519 0.0242454552693378
"1015" 0.116994948528377 0.853746778744728 0.0292582727268952
"1032" 0.293225569777739 0.650766536785784 0.0560078934364765
"1039" 0.0899894574729518 0.888698866011519 0.0213116765155286
"1047" 0.00902701794839842 0.978940676140123 0.0120323059114787
"1048" 0.00479796391366447 0.982730909043426 0.0124711270429095
"1049" 0.00188142277511909 0.995999493317682 0.00211908390719907
"1051" 0.0106304115758072 0.976170467146447 0.0131991212777458
"1054" 0.00036667700553778 0.999155467571785 0.000477855422677079
"1055" 0.0327753500274818 0.948137774741616 0.0190868752309026
"1057" 0.00595227994271614 0.97687640629104 0.0171713137662439
"1059" 0.00573819240875131 0.988903410075097 0.00535839751615198
"1075" 0.0125212263436387 0.973713456937398 0.0137653167189632
"1082" 0.681437918718789 0.300840856449935 0.0177212248312758
"1136" 0.0191526021224636 0.961446053572352 0.0194013443051841
"1145" 0.175822629103455 0.799894659543372 0.0242827113531739
"1156" 0.00789904703486213 0.987517995424356 0.0045829575407819
"1157" 0.00824363248276629 0.988377359877371 0.00337900763986295
"1161" 0.978179340842216 0.0102095447751812 0.0116111143826027
"1164" 0.995003636699441 0.00232474038327397 0.00267162291728542
"1165" 0.985977640431768 0.00348182430396592 0.0105405352642662
"1167" 0.996967843307944 0.00230534249374128 0.00072681419831433
"1169" 0.975924543982107 0.0136430361187691 0.0104324198991243
"1171" 0.901467277611669 0.0472379756867388 0.0512947467015918
"1173" 0.994661020404991 0.00260422978043855 0.00273474981457012
"1180" 0.00815434027393392 0.00930561355585777 0.982540046170208
"1198" 0.00684811649764017 0.986705880006441 0.00644600349591837
"1219" 0.184405412500036 0.814084567123713 0.00151002037625164
"1232" 0.311839577522082 0.668616768824443 0.0195436536534746
"1233" 0.0107326277010452 0.984268095966505 0.00499927633245026
"1253" 0.0235180203667449 0.959284526417724 0.0171974532155314
"1259" 0.0908016537774161 0.900181578776006 0.00901676744657795
"1260" 0.143099525434715 0.834645341793248 0.0222551327720374
"1266" 0.0340680365940246 0.238786214079774 0.727145749326202
"1268" 0.454663305491818 0.272462635266957 0.272874059241225
"1269" 0.0471152089165704 0.934867098752799 0.0180176923306302
"1275" 0.320005193869058 0.675558617972442 0.0044361881585009
"1297" 0.136652583747326 0.849167312346666 0.014180103906008
"1303" 0.171556323757814 0.823242390850824 0.00520128539136182
"1304" 0.107015677447195 0.799234535869913 0.0937497866828917
"1325" 0.0109468771170817 0.978279905420798 0.0107732174621206
"1343" 0.0136960454302399 0.904234370636579 0.0820695839331813
"1367" 0.0964476253521159 0.134356382222423 0.769195992425462
"1374" 0.158335374877299 0.836776880725687 0.00488774439701374
"1416" 0.120300711586175 0.866284247397196 0.0134150410166286
"1421" 0.685210370313127 0.312558644614615 0.0022309850722577
"1440" 0.115753469746475 0.864236021309088 0.0200105089444372
"1442" 0.210471856534007 0.784799422551173 0.00472872091482014
"1456" 0.019779246796439 0.976451717232958 0.00376903597060319
"1459" 0.102013415643888 0.880224878685121 0.0177617056709909
"1460" 0.986891901783443 0.0064481908851348 0.00665990733142241
"1463" 0.260542093183826 0.738766547398631 0.000691359417542653
"1466" 0.268485268026779 0.729779167291526 0.00173556468169561
"1468" 0.00248106789137413 0.996197367330369 0.00132156477825637
"1472" 0.994755410126951 0.00273348426547137 0.00251110560757725
"1475" 0.984120424477922 0.00841631386527703 0.00746326165680057
"1477" 0.984432011122006 0.00792450962857181 0.00764347924942257
"1484" 0.0472832530037992 0.867777517221864 0.0849392297743371
"1507" 0.148158914938291 0.783145571716808 0.068695513344901
"1512" 0.0327028679622452 0.95992156998699 0.00737556205076482
"1522" 0.252197870413428 0.72333389437545 0.0244682352111218
"1532" 0.433682261648915 0.546413678739647 0.0199040596114376
"1536" 0.175829578169555 0.7933222810759 0.0308481407545447
"1544" 0.1017594660946 0.858017037151864 0.0402234967535362
"1583" 0.574619894975325 0.370148925138391 0.0552311798862848
"1585" 0.203817373117275 0.718480941458094 0.0777016854246315
"1586" 0.430985948902549 0.545553156162385 0.0234608949350669
"1589" 0.560829580795907 0.217698969031179 0.221471450172915
"1641" 0.162446861034877 0.812467508401942 0.0250856305631811
"1653" 0.0263673173274547 0.965004708871996 0.00862797380054943
"1666" 0.0203072066258994 0.961565998454497 0.0181267949196039
"1667" 0.00426825577443211 0.990675755970065 0.00505598825550247
"1668" 0.00203400903649009 0.985529154610482 0.0124368363530284
"1670" 0.0329466121787433 0.878566809159187 0.0884865786620697
"1672" 0.0109574147919546 0.971020853972236 0.0180217312358094
"1674" 0.0171694909374383 0.967761523809297 0.0150689852532645
"1695" 0.161989784847821 0.775341072851193 0.0626691423009863
"1798" 0.131815369558382 0.77138072807263 0.0968039023689876
"1836" 0.00762284604383145 0.9839450591678 0.0084320947883688
"1840" 0.980132729846547 0.0094378778830865 0.0104293922703662
"1843" 0.997906658227842 0.00112928576911697 0.000964056003040767
"1851" 0.990818349593052 0.00545155649211762 0.0037300939148306
"1852" 0.992388925069791 0.00467764283669665 0.00293343209351265
"1853" 0.987392945092615 0.00634040625242132 0.00626664865496394
"1860" 0.941538019214554 0.0328882815665027 0.0255736992189434
"1897" 0.54831642135194 0.226678307005399 0.225005271642662
"1917" 0.251093843715128 0.680596244175435 0.0683099121094374
"1925" 0.0292470821657049 0.924483298678716 0.0462696191555788
"1934" 0.0312068750749464 0.817583052451556 0.151210072473498
"2052" 0.206883366210606 0.760905053558241 0.0322115802311531
"2068" 0.125056900198162 0.846658296479846 0.0282848033219919
"2273" 0.00782847319948803 0.966678859031474 0.0254926677690384
"2278" 0.889509940642339 0.0759274052490629 0.0345626541085984
"2279" 0.963143420853264 0.0198982857088201 0.0169582934379162
"2280" 0.992165018526207 0.00552553325736229 0.00230944821643121
"2285" 0.989291628159221 0.00273001370437996 0.00797835813639955
"2370" 0.547122756409444 0.431743597828294 0.0211336457622626
"2468" 0.0192639268937188 0.0242717712530204 0.956464301853261
"2543" 0.0180309194409272 0.953788113517317 0.0281809670417563
"2548" 0.945945549207776 0.0301493464202428 0.0239051043719812
"2550" 0.994846749694104 0.00359089464816946 0.00156235565772635
"2552" 0.99823946219342 0.000830975258466917 0.000929562548113072
"2572" 0.00254190050531101 0.396792162384187 0.600665937110502
"2576" 0.215232215999588 0.734617487328336 0.0501502966720768
"2696" 0.00658176833432311 0.0109339522206101 0.982484279445067
"2749" 0.00332842714134372 0.995720878649235 0.000950694209421499
"2750" 0.191605276601526 0.796957972371004 0.0114367510274701
"2758" 0.978130168885774 0.0113427094037121 0.0105271217105144
"2759" 0.998226594607345 0.000879365844223403 0.000894039548432022
"2763" 0.991233166073973 0.00449694539540969 0.00426988853061689
"2765" 0.997381479899517 0.00150386077388106 0.00111465932660162
"2857" 0.17192899099859 0.813911001182546 0.0141600078188642
"2861" 0.0342364087193672 0.9438051527033 0.0219584385773323
"2864" 0.0225975468153892 0.950881489892616 0.0265209632919947
"2870" 0.383944340341889 0.554216565034693 0.061839094623419
"2889" 0.39754671767818 0.59808569623376 0.0043675860880592
"2898" 0.00988559480543581 0.00861262951495064 0.981501775679613
"2942" 0.000129996213563717 0.995426162873324 0.00444384091311247
"2958" 0.0779895979863073 0.895785193958149 0.0262252080555439
"2959" 0.0239697677986577 0.968441446993983 0.00758878520735921
"2964" 0.841648833843858 0.130101842922168 0.0282493232339736
"2965" 0.990959304183501 0.00524981116970236 0.00379088464679655
"2966" 0.981001761825364 0.0097956886781119 0.00920254949652423
"2971" 0.995736861303036 0.00212063039449272 0.00214250830247127
"2972" 0.996662451618229 0.00227251535323428 0.00106503302853644
"2994" 0.00390661469781247 0.802923180252912 0.193170205049276
"3004" 0.611410135135442 0.371013232032627 0.017576632831931
"3076" 0.00805848633157852 0.984107513993499 0.00783399967492214
"3133" 0.0104671304494193 0.046880345600083 0.942652523950498
"3148" 0.0114982017348018 0.986127005685061 0.00237479258013727
"3193" 0.0331949104315478 0.947758109335901 0.019046980232551
"3210" 0.0193651644481469 0.975873976135427 0.00476085941642585
"3215" 0.00339552929710927 0.995569119586171 0.00103535111671929
"3219" 0.963461737306037 0.0181057389627221 0.0184325237312414
"3221" 0.986215425729333 0.00835778434827364 0.00542678992239356
"3222" 0.958227010237274 0.0219401474630124 0.0198328422997136
"3230" 0.971324820345425 0.0147950008777142 0.0138801787768607
"3237" 0.987302743038567 0.00553724676594429 0.00716001019548912
"3238" 0.946498457903719 0.0441410235728734 0.00936051852340749
"3350" 0.0103021279695187 0.975690829021818 0.0140070430086638
"3384" 0.00144170569799824 0.00972285605587233 0.988835438246129
"3385" 0.0053178618344705 0.00685099169135016 0.987831146474179
"3423" 0.00761809762302136 0.982104208905939 0.0102776934710402
"3428" 0.0198623552499022 0.970161328895008 0.00997631585508989
"3431" 0.0733265835760756 0.861398267895606 0.0652751485283184
"3436" 0.0165013946298083 0.983083881597292 0.000414723772899347
"3455" 0.966836270310028 0.00287396565148594 0.0302897640384865
"3471" 0.908356919086531 0.075143779341244 0.0164993015722247
"3473" 0.414546511759917 0.557119462387959 0.0283340258521244
"3480" 0.0438420735580232 0.952605160620289 0.00355276582168782
"3483" 0.00122298310661797 0.997516409318638 0.00126060757474397
"3488" 0.0116277416684071 0.977280637781385 0.0110916205502078
"3489" 0.000483176933707577 0.932800219429506 0.0667166036367861
"3494" 0.0927589964345222 0.823801246140337 0.0834397574251408
"3495" 0.0618313697673434 0.920624501798452 0.0175441284342049
"3498" 0.00497132532418802 0.981972860439924 0.0130558142358877
"3509" 0.950781440135512 0.026657054619083 0.022561505245405
"3522" 0.967168911238583 0.0168700403813695 0.0159610483800477
"3525" 0.981984210136634 0.00921556458710397 0.00880022527626152
"3526" 0.9984214114434 0.000874938112408018 0.000703650444191963
"3547" 0.973129833370126 0.0134245100606616 0.0134456565692128
"3555" 0.979194864390387 0.0117663338284945 0.0090388017811188
"3613" 0.0728206345154769 0.907473790983069 0.0197055745014537
"3679" 0.00157983731617037 0.00410283178280281 0.994317330901027
"3690" 0.0047793276957117 0.992684614722694 0.00253605758159409
"3706" 0.0332203107502479 0.947426160439018 0.0193535288107345
"3716" 0.00100307841774143 0.998497575026455 0.000499346555803658
"3720" 0.0382816490448555 0.949417442920298 0.0123009080348464
"3743" 0.775297990835349 0.211453472749194 0.0132485364154567
"3753" 0.366717115600067 0.621890177097034 0.0113927073028993
"3778" 0.593193350856549 0.404521935845354 0.00228471329809707
"3784" 0.01848369772695 0.968293432157332 0.0132228701157176
"3790" 0.0185427878589183 0.978529112182485 0.00292809995859658
"3794" 0.018289324753219 0.967587943988823 0.0141227312579583
"3808" 0.0228624310484469 0.95668695421665 0.0204506147349033
"3813" 0.980796431590884 0.0082710331100208 0.0109325352990952
"3814" 0.946268810834765 0.0402808797785715 0.0134503093866638
"3817" 0.994335942050784 0.0046269698168847 0.0010370881323308
"3820" 0.963785813825022 0.00890922460061021 0.0273049615743675
"3824" 0.993434454721469 0.00276389461767838 0.00380165066085293
"3826" 0.994925339752972 0.00236645862155953 0.00270820162546843
"3828" 0.991261481729196 0.00507351686614135 0.00366500140466213
"3830" 0.961070207938812 0.0210583580969632 0.0178714339642247
"3833" 0.996018353360104 0.00205186608736233 0.00192978055253345
"3854" 0.617333249998401 0.37686373390726 0.00580301609433881
"3871" 0.0172213779385685 0.97084571163084 0.0119329104305917
"3872" 0.0151657979447138 0.919720042445714 0.0651141596095717
"3876" 0.492203340199778 0.502341798619435 0.00545486118078709
"3886" 0.00697918255143015 0.984633261388877 0.00838755605969246
"3947" 0.0402737948518779 0.854868007901094 0.104858197247028
"3992" 0.0121844094172172 0.0547013430575455 0.933114247525237
"3993" 0.00530366086217867 0.00621271311317034 0.988483626024651
"4053" 0.00471450672686337 0.971501747110174 0.0237837461629628
"4057" 0.0117110008809746 0.975670375476487 0.0126186236425379
"4059" 0.00549063029837736 0.994181735655664 0.000327634045958326
"4062" 0.0174596277341483 0.966048778578132 0.01649159368772
"4065" 0.0261762549260941 0.961308929030138 0.0125148160437684
"4082" 0.565364936535589 0.395441205925478 0.0391938575389328
"4102" 0.00298277872370959 0.989612923906389 0.00740429736990098
"4103" 0.00659142156481478 0.986804043663346 0.00660453477183972
"4104" 0.00647189548037999 0.98669241197267 0.00683569254695009
"4105" 0.0492689354603073 0.910242671627535 0.0404883929121574
"4115" 0.449509955070372 0.547294190006896 0.0031958549227327
"4117" 0.195418417651121 0.790244154560094 0.0143374277887845
"4140" 0.00580067166249392 0.993589429835674 0.000609898501832541
"4144" 0.00829431308990336 0.991041021085526 0.000664665824570345
"4145" 0.338288253096597 0.653432077469359 0.00827966943404469
"4146" 0.0270328823333292 0.968551105907089 0.0044160117595814
"4148" 0.265015967585964 0.732050096000457 0.00293393641357942
"4152" 0.0960849833759965 0.892386728011602 0.0115282886124012
"4157" 0.549417747541922 0.433606296399659 0.016975956058419
"4158" 0.0236980256013789 0.970862590021481 0.00543938437714003
"4161" 0.000852911852218441 0.998322122505181 0.000824965642600631
"4166" 0.0138475764539087 0.972160757910724 0.0139916656353672
"4167" 0.0834143874831622 0.899889676739765 0.0166959357770726
"4178" 0.0138439243444173 0.951535024879152 0.0346210507764302
"4184" 0.00120098642041695 0.997645175945086 0.00115383763449703
"4186" 0.0495034233284968 0.939851785493134 0.0106447911783694
"4187" 7.22559985598945e-05 0.999813636499028 0.000114107502412214
"4193" 0.7300741786194 0.246940977454182 0.0229848439264176
"4207" 0.987589407349109 0.00639640312651416 0.00601418952437732
"4210" 0.984343778919778 0.00877616942649853 0.00688005165372311
"4211" 0.970598999457092 0.0160188079779605 0.0133821925649475
"4218" 0.945361429681681 0.0290892925993704 0.0255492777189488
"4221" 0.953806678796319 0.0270142479611064 0.0191790732425751
"4222" 0.964144929304646 0.0181842450433803 0.0176708256519739
"4224" 0.938262222426665 0.0145553171141203 0.0471824604592145
"4226" 0.968590614278138 0.0254514580203071 0.00595792770155529
"4227" 0.949696193483079 0.0240250740973836 0.0262787324195375
"4257" 0.0167335840821293 0.963977460315474 0.0192889556023963
"4282" 0.0116364142998557 0.939526503309761 0.0488370823903835
"4285" 0.954149983569163 0.0432135738018688 0.0026364426289686
"4291" 0.902497668633469 0.0641360385287192 0.0333662928378117
"4303" 0.794269603649374 0.196068192109373 0.0096622042412528
"4304" 0.422914029624489 0.54016502988676 0.0369209404887509
"4354" 0.689263863694789 0.308172834175435 0.00256330212977597
"4426" 0.0164986067837378 0.0391520251405723 0.94434936807569
"4427" 0.0185722320529284 0.0694257739267156 0.912001994020356
"4443" 0.00562372929755421 0.990977259818885 0.0033990108835609
"4456" 0.00250464063347396 0.993208501873553 0.00428685749297286
"4476" 0.20927728980014 0.585427165651141 0.205295544548719
"4505" 0.0123734213833865 0.780328767458972 0.207297811157642
"4506" 0.000523945265456419 0.99138034893176 0.00809570580278402
"4507" 0.00167674743773622 0.997245187070774 0.00107806549148975
"4517" 0.014724992940819 0.961788068688395 0.0234869383707855
"4523" 0.0148949711221663 0.972466335815975 0.0126386930618591
"4524" 0.0164434927991006 0.967909923641921 0.0156465835589782
"4526" 0.426191091262554 0.563458488088182 0.0103504206492639
"4538" 0.00123982794015944 0.998558113001728 0.000202059058112802
"4552" 0.886369635927411 0.097621696011727 0.0160086680608617
"4554" 0.98522093417881 0.0090238790902806 0.00575518673090922
"4559" 0.0311411499050282 0.956750057107974 0.012108792986998
"4560" 0.87187548951713 0.055371679284423 0.0727528311984469
"4563" 0.0237652617074663 0.962852596025108 0.0133821422674255
"4568" 0.0145450543633352 0.933197591962411 0.0522573536742542
"4586" 0.0165960760483964 0.963735758668674 0.0196681652829301
"4593" 0.940404761046741 0.0312039508568514 0.0283912880964078
"4597" 0.0675912878039256 0.793879570504633 0.138529141691441
"4602" 0.973681070348198 0.0140853434725673 0.0122335861792349
"4606" 0.970340548493422 0.0158176807327574 0.0138417707738206
"4611" 0.00242712173061666 0.99413850386511 0.00343437440427346
"4612" 0.000823503239834289 0.998567889962365 0.000608606797800515
"4643" 0.185949418283601 0.793280937622267 0.0207696440941318
"4650" 0.0806911600392794 0.910080808693992 0.00922803126672908
"4651" 0.163374429007843 0.813234062181581 0.023391508810576
"4673" 0.0271345680093389 0.955736117618474 0.0171293143721875
"4676" 0.112071372561716 0.877977136687994 0.00995149075029044
"4677" 0.0099252321611017 0.975576963215649 0.0144978046232493
"4684" 0.00113065233734764 0.997031851133889 0.0018374965287634
"4690" 0.0566874591361536 0.926934451559213 0.0163780893046338
"4693" 0.613441262485828 0.380999572492273 0.00555916502189899
"4694" 0.579529294911461 0.417047951578894 0.00342275350964493
"4695" 0.0227704500074872 0.945653338068103 0.0315762119244099
"4697" 0.00743955743901083 0.985970891611514 0.00658955094947502
"4699" 0.0197134212088062 0.974826659853541 0.00545991893765242
"4701" 0.0377856450385586 0.956667355143615 0.00554699981782618
"4707" 0.0724286407658412 0.91017351295982 0.017397846274339
"4709" 0.000310669109828371 0.992955269524502 0.00673406136566958
"4712" 0.00241645399604377 0.993718455891405 0.00386509011255094
"4714" 0.0317826936195067 0.953093365297624 0.0151239410828688
"4726" 0.0281974641246778 0.92667606662758 0.0451264692477427
"4730" 0.019288719629908 0.962100826473212 0.0186104538968802
"4747" 0.0275149942119267 0.959981411379341 0.0125035944087328
"4749" 0.0221329004980828 0.952958838825983 0.0249082606759341
"4755" 0.00140147628280052 0.997391046071981 0.00120747764521818
"4759" 0.0127384909962289 0.983400234203357 0.00386127480041375
"4765" 0.00964717049198689 0.815176134970164 0.175176694537849
"4777" 0.019528863224258 0.967727166403576 0.0127439703721661
"4778" 0.0233543909368844 0.964131146443052 0.0125144626200633
"4781" 0.353784522048056 0.638034221747704 0.00818125620423947
"4787" 0.930945264576702 0.0269045908341416 0.0421501445891565
"4790" 0.981154986170068 0.00988340938977634 0.00896160444015602
"4793" 0.99024197944269 0.00195618336304177 0.00780183719426855
"4804" 0.971402675079325 0.0181526717642061 0.0104446531564686
"4810" 0.995800898056518 0.00214749745036452 0.00205160449311741
"4817" 0.934732924110839 0.0502088129974641 0.0150582628916965
"4823" 0.997648557540025 0.00122314606770845 0.00112829639226694
"4824" 0.793410094567497 0.183670499332134 0.0229194061003691
"4830" 0.967067479937336 0.0159857563916739 0.0169467636709904
"4837" 0.983784687437953 0.00517615373980736 0.0110391588222399
"4853" 0.125192219452624 0.866824478111991 0.00798330243538498
"4864" 0.0225329071339633 0.958836649540261 0.0186304433257753
"4866" 0.992619246044561 0.00538427136110828 0.0019964825943306
"4914" 0.740632935522549 0.213127814286012 0.0462392501914388
"4964" 0.46576861924727 0.531182142940105 0.00304923781262546
"4965" 0.485122413728139 0.498011104998282 0.0168664812735793
"5017" 0.000197157838848248 0.99946991485793 0.00033292730322158
"5051" 0.0113080810629876 0.0205874313203465 0.968104487616666
"5052" 0.000505802550235353 0.00128810690461544 0.998206090545149
"5053" 0.00139263535276636 0.00348010405117353 0.99512726059606
"5054" 0.00254471339454168 0.00513327955824851 0.99232200704721
"5067" 0.0154898333117324 0.978772483794586 0.00573768289368148
"5069" 0.0018329367020518 0.988914355723974 0.00925270757397462
"5086" 0.00803730602057192 0.309598268510967 0.682364425468462
"5113" 0.0202234157420753 0.977725029710758 0.00205155454716638
"5115" 0.0162524051400284 0.950575584052484 0.0331720108074873
"5141" 0.00397315735200603 0.991804553600664 0.00422228904733038
"5143" 0.906495869922639 0.0877948666078208 0.00570926346954006
"5145" 0.00385618852137372 0.995621084286844 0.000522727191781906
"5150" 0.0958931631434723 0.843173586074222 0.0609332507823055
"5166" 0.00199441992505495 0.996864976925801 0.00114060314914449
"5171" 0.0684837965050863 0.894613914740248 0.0369022887546658
"5172" 0.00510946846142166 0.00901225893744813 0.98587827260113
"5202" 0.994693675925831 0.00253917114618145 0.00276715292798776
"5203" 0.310261855942075 0.682050171391263 0.00768797266666203
"5204" 0.976066394187235 0.0131078363267439 0.0108257694860207
"5213" 0.0279335709691817 0.959051747609119 0.0130146814216989
"5216" 0.982492514852184 0.0155367346380354 0.0019707505097805
"5219" 0.0223135364011953 0.92663675601887 0.0510497075799351
"5223" 0.00129885274716603 0.979553472065454 0.01914767518738
"5229" 0.262126872325412 0.736251774337929 0.0016213533366593
"5237" 0.92024735124181 0.0750175416378796 0.0047351071203104
"5253" 0.573558619400437 0.421373420501335 0.00506796009822856
"5260" 0.0146308580500724 0.939811862365791 0.0455572795841371
"5262" 0.963958408838071 0.0191577945644764 0.0168837965974523
"5268" 0.972429432782664 0.0189968621526483 0.00857370506468792
"5318" 0.0180923860575947 0.969740249137336 0.0121673648050692
"5325" 0.175255765610518 0.821709720872468 0.0030345135170143
"5338" 0.511238028683155 0.485175539322957 0.00358643199388765
"5343" 0.790292438640501 0.143492018984784 0.0662155423747157
"5359" 0.735590683755742 0.244270525068313 0.020138791175945
"5368" 0.0664342116919898 0.927451439249535 0.00611434905847467
"5377" 0.233135670505532 0.741547263516271 0.025317065978197
"5380" 0.0339105861834255 0.963984125044683 0.00210528877189158
"5389" 0.0215158647336797 0.957167032828147 0.0213171024381729
"5395" 0.0853895645432427 0.904134116477243 0.010476318979514
"5406" 0.0125383783161781 0.976953329922604 0.0105082917612174
"5434" 0.159330092074707 0.83549776887661 0.0051721390486832
"5454" 0.00639635254330265 0.992610359859531 0.000993287597166814
"5455" 0.0109188742007567 0.980582046336324 0.00849907946291905
"5462" 0.00162406995520878 0.996257044747799 0.00211888529699206
"5464" 0.0162868294967977 0.973604049831931 0.0101091206712711
"5487" 0.0408984184588539 0.937868697987136 0.0212328835540106
"5500" 0.446824743508333 0.541383481951612 0.0117917745400549
"5508" 0.986042376629976 0.00974114396587549 0.00421647940414843
"5509" 0.97342503688404 0.0221115315208283 0.00446343159513164
"5510" 0.988128335586043 0.00605207790571489 0.00581958650824238
"5511" 0.96749515540671 0.0166237863556331 0.0158810582376573
"5525" 0.99091841871268 0.00461484894802162 0.00446673233929862
"5531" 0.992831229390902 0.00416171540327649 0.00300705520582162
"5532" 0.970010496109586 0.0189783809493219 0.0110111229410923
"5541" 0.959093738102967 0.0211502729698675 0.0197559889271658
"5554" 0.966528978984155 0.0175474259901347 0.0159235950257099
"5556" 0.974053623300318 0.0123210377777896 0.0136253389218929
"5561" 0.99202949929208 0.00324791138778264 0.00472258932013741
"5712" 0.0136841578033077 0.957279538010197 0.0290363041864951
"5764" 0.0193040548921223 0.37908437079838 0.601611574309498
"5766" 0.107499142200477 0.48145516027571 0.411045697523812
"5773" 0.0122086524114364 0.00645708071417221 0.981334266874391
"5774" 0.00873112458856337 0.00523552343633651 0.9860333519751
"5776" 0.00519166575376088 0.0710507194311793 0.92375761481506
"5777" 0.0152877734777457 0.0181170005264597 0.966595225995795
"5794" 0.00916140903414088 0.989086000394811 0.00175259057104851
"5891" 0.159998157784472 0.80715112490124 0.0328507173142882
"5892" 0.99460240310169 0.0048014741019885 0.000596122796321628
"5897" 0.236544088807501 0.736729755821063 0.0267261553714367
"5898" 0.785400323046148 0.20625950677592 0.00834017017793108
"5910" 0.321301427238587 0.503170376199087 0.175528196562326
"5935" 0.986033095608829 0.00812549053276018 0.00584141385841133
"5936" 0.95661449373723 0.0348263392873193 0.00855916697545044
"5937" 0.907763071479165 0.0870139162403605 0.00522301228047424
"5940" 0.965865091631133 0.0304408009963498 0.0036941073725173
"5941" 0.673985151588325 0.322580133464633 0.00343471494704238
"5944" 0.983984300890597 0.00817746669678609 0.00783823241261749
"5946" 0.98562837923009 0.00743194536214171 0.00693967540776796
"5955" 0.862754310193348 0.123747580957826 0.0134981088488256
"5956" 0.0874928902361573 0.905920370534655 0.00658673922918725
"5964" 0.0699128080376372 0.914013346001517 0.0160738459608462
"5975" 0.991403616682185 0.00510813921045919 0.00348824410735574
"5995" 0.868656407519783 0.0231896166983313 0.108153975781886
"5998" 0.963103146818279 0.0200527377315318 0.0168441154501892
"6000" 0.0172492612237348 0.96736503693893 0.0153857018373354
"6010" 0.429523856829599 0.515882234489879 0.0545939086805216
"6027" 0.282197082816479 0.693184704663103 0.0246182125204182
"6028" 0.569717794216905 0.418590780283419 0.0116914254996759
"6029" 0.303294253787012 0.673113336690082 0.0235924095229054
"6051" 0.357047914007783 0.629788293284125 0.0131637927080921
"6052" 0.400594349759655 0.593632316358669 0.00577333388167648
"6053" 0.365949899336707 0.62809640513144 0.00595369553185248
"6132" 0.0760545717956445 0.865263220560431 0.0586822076439241
"6137" 0.114382218222816 0.767698065861328 0.117919715915856
"6163" 0.0650956091510303 0.412420350725327 0.522484040123643
"6181" 0.963686051001231 0.0205445836200531 0.0157693653787154
"6183" 0.947430223558047 0.0284377954509635 0.0241319809909896
"6192" 0.904156534001327 0.0776893119819446 0.0181541540167287
"6198" 0.970248543122608 0.00328143137586165 0.0264700255015303
"6200" 0.988518182088132 0.00592751866290514 0.00555429924896284
"6204" 0.995276353218027 0.00261142165728429 0.0021122251246889
"6205" 0.989700129627284 0.00535011505640281 0.0049497553163135
"6206" 0.930194604510269 0.0219506646341182 0.0478547308556126
"6215" 0.930731184866409 0.0328434588168003 0.0364253563167907
"6219" 0.973161226848444 0.0134507123371444 0.0133880608144112
"6225" 0.978464316580844 0.010573202327813 0.0109624810913429
"6227" 0.979025230995493 0.0103835114709439 0.0105912575335627
"6228" 0.966538114115618 0.0167189790400732 0.0167429068443094
"6229" 0.995283806923882 0.00211041763177894 0.00260577544433965
"6237" 0.984813550705959 0.00840258063550379 0.00678386865853754
"6239" 0.99388464552394 0.00346016127888285 0.00265519319717711
"6242" 0.969021331952902 0.00343674118176083 0.0275419268653368
"6267" 0.0356882452310441 0.935211626727031 0.0291001280419246
"6307" 0.00583641008393222 0.909841768482396 0.0843218214336722
"6311" 0.81853939974195 0.163379148957506 0.0180814513005437
"6314" 0.0385529231064627 0.14789727550928 0.813549801384258
"6438" 0.0114609174425146 0.0129360142837486 0.975603068273737
"6439" 0.00241260537121803 0.00227986631338251 0.995307528315399
"6444" 0.0683739321842053 0.102278786427525 0.829347281388269
"6550" 0.00283913391253464 0.996882406661828 0.000278459425637382
"6558" 0.995884508635131 0.0016613502189679 0.00245414114590092
"6559" 0.615354703930422 0.346808133302907 0.0378371627666706
"6560" 0.113710595570161 0.884143594188019 0.00214581024182008
"6576" 0.00730745280501175 0.0906671301863291 0.902025417008659
"6588" 0.97180174534093 0.0137217432365697 0.0144765114225004
"6609" 0.987132777394017 0.00849452055431514 0.00437270205166832
"6610" 0.666228944739809 0.330995679668719 0.0027753755914726
"6612" 0.507022922474925 0.482170496470586 0.0108065810544882
"6616" 0.976461590469012 0.0125530473361251 0.0109853621948631
"6626" 0.600754035428471 0.384365130914442 0.0148808336570873
"6643" 0.0113035232723794 0.959104166322256 0.0295923104053646
"6654" 0.649769291346515 0.343787814327255 0.00644289432622965
"6668" 0.0125599307720747 0.983788739453995 0.00365132977393001
"6669" 0.0255399862917858 0.954409348917547 0.0200506647906671
"6670" 0.0474318712836757 0.932239065626468 0.0203290630898566
"6671" 0.00411279479462063 0.986307607496383 0.0095795977089967
"6693" 0.640281033828493 0.348340645069209 0.0113783211022986
"6700" 0.526673798476013 0.471214763617343 0.00211143790664362
"6708" 0.0755048260184099 0.913588617740009 0.0109065562415812
"6721" 0.964844289128092 0.0180010715446777 0.0171546393272299
"6745" 0.188007151279858 0.791588067301813 0.0204047814183289
"6766" 0.129942579776648 0.83774741364003 0.0323100065833214
"6767" 0.263373729532937 0.709158737272041 0.0274675331950212
"6768" 0.659101419802335 0.340085769337403 0.000812810860261526
"6771" 0.444387456501587 0.553420123217673 0.00219242028074048
"6772" 0.655099788537589 0.327303571984005 0.0175966394784059
"6785" 0.0898318138376057 0.902171050932058 0.00799713523033646
"6795" 0.809295372551253 0.186913744447728 0.00379088300101979
"6796" 0.183288710957119 0.814303576197456 0.00240771284542557
"6798" 0.478573159165845 0.50416317442951 0.0172636664046446
"6889" 0.723260823741847 0.269178914052374 0.00756026220577931
"6890" 0.682992011579375 0.209440071769827 0.107567916650797
"6912" 0.309882963527381 0.60908072928459 0.0810363071880287
"6913" 0.0275783952899511 0.941503596220564 0.0309180084894849
"6919" 0.108458801159777 0.850067022045606 0.0414741767946167
"6923" 0.0459906252467151 0.945313815365197 0.0086955593880879
"6927" 0.119506408385505 0.865555482379515 0.0149381092349796
"6957" 0.00962101438225735 0.977633084759705 0.0127459008580375
"7002" 0.776216601061546 0.213873480813979 0.00990991812447505
"7009" 0.957005928479142 0.0216538534852077 0.0213402180356503
"7014" 0.940692802368573 0.0332512518861033 0.0260559457453236
"7016" 0.978014932636402 0.0179999787934006 0.00398508857019745
"7017" 0.91610385149764 0.0293684530850689 0.0545276954172913
"7018" 0.9742627855212 0.013461890329628 0.0122753241491721
"7021" 0.941505110178232 0.0303589189024368 0.0281359709193316
"7022" 0.991451288299827 0.0058015691769056 0.00274714252326792
"7031" 0.996555329133558 0.00186530256907113 0.00157936829737095
"7035" 0.972550528684587 0.0140006332002754 0.0134488381151374
"7037" 0.945478653450099 0.0312491717585532 0.0232721747913477
"7041" 0.955991160491844 0.0276059744612193 0.0164028650469365
"7044" 0.967131955033252 0.0221301278594909 0.010737917107257
"7049" 0.995895009099051 0.00228607478900571 0.0018189161119435
"7050" 0.975621357269285 0.0102234624915915 0.0141551802391236
"7056" 0.972389514799158 0.0141742286995233 0.0134362565013184
"7057" 0.993776731984449 0.00243682350065202 0.00378644451489883
"7059" 0.971898312133486 0.0141777905426123 0.0139238973239015
"7060" 0.981501018469171 0.00919768040237033 0.00930130112845822
"7062" 0.995102584500795 0.00244892668446866 0.00244848881473643
"7063" 0.989151952845898 0.00577019951012395 0.00507784764397809
