"1" "2" "3" "4" "5" "6" "7" "8"
"54" 0.00121050630047821 0.00120056472213628 0.00146997850679368 0.001452078561541 0.990776882006202 0.00124182649428713 0.00137694025531925 0.00127122315324285
"94" 0.00427156669719682 0.00421218011233331 0.00430755440378334 0.00539247164857353 0.968765323256034 0.00424108980642949 0.00420957917281946 0.00460023490282959
"202" 0.00425554773686852 0.0452094785121194 0.00298694385705946 0.00332139814214178 0.0028101878517005 0.883982746735476 0.0337765957529721 0.0236571014116619
"217" 0.934752522904783 0.0181393382465161 0.000945877260512698 0.000690690740846776 0.000782381749213336 0.00229218155094576 0.0416849543056064 0.00071205324157629
"237" 0.0172139098552048 0.0740297441114345 0.00613466541254103 0.000925088622340485 0.00115281634600304 0.898585900836074 0.000671807621843569 0.00128606719455809
"248" 0.0042330116241811 0.00382174578876467 0.00281428057100903 0.00341612629295593 0.00311526047554798 0.00348499368265708 0.975673847796992 0.00344073376789234
"251" 0.395755692504873 0.583628949428976 0.0020031415211333 0.00256226827030891 0.00937425127242712 0.00196139168821136 0.00279475356358146 0.0019195517504897
"253" 0.089635398290114 0.334277947120517 0.00731013352142822 0.0200486801158546 0.00449551953758208 0.00590873428388143 0.53391039346622 0.00441319366440338
"257" 0.0122822594973689 0.0294067562307393 0.00212106618163958 0.00106332640273916 0.0173155201562498 0.934935740035422 0.00145513963324941 0.00142019186259187
"261" 0.961745496795589 0.0215837319501267 0.00121381065808378 0.00116924495433199 0.001096625765289 0.0107538602804865 0.00110013545453176 0.00133709414156093
"263" 0.00781892877532217 0.00777064520906423 0.0684239609815196 0.00912655406637173 0.00809605045134275 0.0074071562310768 0.00758500718769945 0.883771697097603
"268" 0.00519110679516224 0.00254032357554594 0.000790723522841072 0.000887990861491507 0.000783374268411682 0.987098679717036 0.00171775530437318 0.0009900459551379
"269" 0.0062022783976625 0.00516230410016309 0.0147960877166587 0.00359860593501283 0.00212112593301275 0.9378206264122 0.00519581521820467 0.0251031562870851
"277" 0.987136200358268 0.00249957751389047 0.00180242769170508 0.00166960582857826 0.00173296165541032 0.0017361127054271 0.00180312330812345 0.00161999093859696
"291" 0.00730071012779087 0.136673840078072 0.00748127675451109 0.00835709172715924 0.235433178052111 0.011341927693392 0.582499272955328 0.0109127026116355
"307" 0.969400116136724 0.0280529785390997 0.00071429899726731 0.000165092780008396 0.00111447777614352 0.000175551086606736 0.000210282019035256 0.000167202665115293
"316" 0.995659745209828 0.000128984778054144 8.20883490181186e-05 0.000112010285027043 0.00242076814939777 0.000112852895098331 0.00140648717724136 7.70631563356474e-05
"319" 0.994248320921563 0.00379660725717754 3.61787517030245e-05 2.57394786997573e-05 0.000261114431285138 0.000106712470485835 0.00150080896384997 2.45177252359666e-05
"321" 0.00156044754503237 0.00152080316052 0.955540603426023 0.00576655840057005 0.0048617974516498 0.00186051452952708 0.00798302362580422 0.020906251860874
"327" 0.997953607064179 0.000146129080212144 0.000147800390677972 7.63136583257337e-05 0.000120084799660215 0.000123237498956037 0.00137655261563713 5.62748923520153e-05
"328" 0.00130545966862744 0.00132705308083888 0.00392919861897193 0.000791510187158575 0.000976794343630256 0.0036563319147929 0.000778776861441073 0.987234875324539
"337" 0.982186528441467 0.000868543284542898 0.00503164983200283 0.000562980910461487 0.00132872573076674 0.00122507838219304 0.0081697083789744 0.000626785039591146
"341" 0.00519304059214435 0.0266166875954297 0.000741663708571458 0.00133652465803067 0.0293677137925524 0.000498922028050372 0.935791297863933 0.00045414976128812
"344" 0.00152882839756423 0.00226667067337735 0.00107766851089824 0.00131212012540592 0.00181153848820174 0.00151384120618594 0.989376545880861 0.00111278671750583
"348" 0.184591737096408 0.613013468841523 0.0130231181688869 0.00876891604865147 0.0163065679842951 0.00914321337891334 0.145739985229323 0.0094129932519994
"363" 0.977589571820544 0.000341379505792051 0.000116331957643169 0.000145678733140022 0.000177818240964761 0.000179548863662464 0.0197395584067563 0.00171011247149722
"364" 0.760141686508998 0.228510845722704 0.00298072402858437 0.00153296558754125 0.00149037926835712 0.00213476023735386 0.00183433844754504 0.00137430019891671
"366" 0.073770800405421 0.75909724140425 0.00685387444314511 0.0485181979603979 0.00682160773445 0.0532871516231178 0.00527941821459186 0.0463717082146261
"371" 0.00455340197514107 0.00331885001541625 0.00261113493667474 0.00296347147441954 0.0036275138769909 0.00257133184947148 0.977539427790245 0.00281486808164045
"378" 0.990634067352252 0.00104278052279724 0.00141384741137862 0.00155788602164511 0.00187501504671325 0.00110321362790703 0.00142047553694321 0.000952714480363962
"382" 0.977261545945615 0.0011002325871463 0.00101384057619841 0.00103601926772646 0.00110500595048656 0.00109216168932027 0.0163691520394796 0.00102204194402742
"383" 0.933189769557731 0.0157441735495393 0.00843106782168588 0.00850407750157126 0.00840480400623964 0.00885996180455904 0.00833429369610968 0.00853185206256377
"384" 0.699654226302284 0.25519551341715 0.00682894340422231 0.00677172463808329 0.00697876839616131 0.00825152857071556 0.00960924010252736 0.00671005516885629
"387" 0.779076991070242 0.145400260623086 0.0122702801459544 0.0114181568100062 0.0113803574535756 0.0126477581012023 0.0158977609849349 0.0119084348109987
"390" 0.0100309635415698 0.934809643960392 0.0044730166696551 0.00449745722334977 0.0289172503564949 0.00464846426348184 0.00446294826697342 0.00816025571808297
"396" 0.991991840888139 0.00514342415471459 0.000152349492321106 0.000118015469893706 0.000140879082228265 0.00165998236515492 0.000673055223654848 0.00012045332389396
"397" 0.989048275944678 0.00617231625881484 0.00291500972970481 0.000450718380575228 0.000459013010891284 0.000349073024688255 0.000188738107130397 0.000416855543516993
"399" 0.777018136402527 0.213927338494894 0.00137994972345728 0.00166922191663901 0.00175054234223184 0.00127463127318784 0.0012529605668239 0.0017272192802392
"402" 0.00513543941426235 0.00449914253019476 0.00504694797404834 0.00481308017721388 0.0150130350645893 0.00730284036183627 0.953269704764522 0.00491980971333326
"406" 0.00107259624619891 0.00164506643789292 0.00346239651567602 0.986556562528128 0.00145757369435596 0.0025417279684669 0.00114147292348895 0.002122603685792
"411" 0.987535783914013 0.000334306610472267 0.00051305472322702 0.000139332238046686 0.000223994929500897 8.80947035623831e-05 0.0110007165303543 0.000164716350823736
"412" 0.918132049931222 0.0314347929937211 0.0191125071433158 0.00241388564457887 0.020339966159895 0.00168465247029759 0.00262846257790589 0.00425368307906369
"413" 0.994420318078121 0.00125685503344974 0.000697212155244132 0.000740587929199813 0.000704561854153318 0.000746207431455576 0.000763785987752202 0.000670471530623738
"420" 0.00698230644059433 0.00786490427132401 0.00810304601472105 0.00709804857197981 0.0779411413247435 0.00969667005915654 0.875226663543772 0.00708721977370863
"423" 0.000697349060549257 0.000770269728729067 0.00227984887661265 0.980267489457432 0.00301256099343585 0.010930718212903 0.00095930114156011 0.00108246252877836
"434" 0.950461858272368 0.00970573905112411 0.00508000300400055 0.00517894862937588 0.0133235438535392 0.00524258560700745 0.00529534266554123 0.00571197891704355
"435" 0.970380336901924 0.000130645030074123 6.0566434480424e-05 5.58871799342065e-05 7.99793689032337e-05 7.2969434545841e-05 0.0291663618763976 5.32537737404653e-05
"440" 0.998405731439812 0.000488051865563595 0.000209870856822718 0.000111731912070457 0.000131800176766388 0.000248207733831763 0.000256072819883306 0.000148533195249604
"443" 0.027897717745665 0.00864775673939513 0.000434653638912899 0.00397803449105812 0.0241964128225167 0.0405828994372489 0.884904275256024 0.00935824986917966
"444" 0.00764808455145947 0.0602348304322924 5.98193984089524e-05 7.19272429319679e-05 0.0938769293157626 0.0291356627283403 0.808770771576909 0.000201974753895523
"446" 0.00112388973568261 0.176157758409819 0.000818946948348552 0.0320872019609357 0.0168922361580783 0.0136039672942968 0.74704937131544 0.0122666281773988
"453" 0.00167926697019104 0.842363223251289 0.0031530510537575 0.0121983599559513 0.000244104279141793 0.0563412213281617 0.0795289263365193 0.00449184682498862
"460" 0.511441842221002 0.217125925679178 0.00105032546808521 0.00837853823017484 0.00123747029785339 0.00235347248511146 0.257418053091276 0.000994372527319656
"466" 0.00988396567967858 0.00295262559317819 0.00223406962809927 0.0197755197596628 0.388361183643692 0.0079017818384645 0.5668419144059 0.00204893945132477
"467" 0.00508735865260666 0.0036001563969597 0.00200319485988155 0.00210856827681189 0.0218620586331591 0.00234042243479356 0.96100344287303 0.00199479787275779
"469" 0.0309049333681298 0.800391958371793 0.00473369084422216 0.0225004650193458 0.00238755850291592 0.0636222649724041 0.0717892787956921 0.00366985012549707
"470" 0.0463477269659977 0.152307741412037 0.00805309107078898 0.0270815019514061 0.332132835607602 0.0716484066985072 0.307657858577762 0.0547708377159001
"471" 0.0074969941766744 0.104314508303964 0.000163919950235515 0.000118057744000221 0.0765083453883263 0.0392397492702094 0.766937039050044 0.00522138611654621
"473" 0.00539424798230809 0.38689038079202 0.00458292335802784 0.00418382457659413 0.0247826681623807 0.555919633164301 0.0143756427991357 0.00387067916523206
"480" 0.984984562350327 0.00716896056925578 0.00149571282059622 0.00121065377613642 0.00122126193323871 0.00142834184673719 0.00121027076877906 0.00128023593492963
"488" 0.00862286593034418 0.811663278005852 0.0260668127568656 0.00806003776269633 0.00857188990483799 0.0336942248969059 0.0945824813515412 0.0087384093909569
"489" 0.00661022911283315 0.487837081987 0.0835249956231558 0.00569936965995971 0.00747983559077864 0.0082194210150385 0.392499318928604 0.00812974808263043
"490" 0.161802953330112 0.625988070357413 0.140410667942456 0.00486534168079813 0.00429790265895193 0.00522032991021112 0.0149431141674824 0.0424716199525761
"492" 0.00239306396318413 0.0360516313893844 0.002058832086065 0.0296806850211154 0.00822155604058294 0.0547387729200058 0.864984640554778 0.00187081802488467
"493" 0.0665500044949739 0.0349825705073115 0.00761628909694713 0.0102334324766497 0.0109066004694696 0.279595512120871 0.58411136254021 0.00600422829356772
"494" 0.00700453770876012 0.09721700802641 0.00534207975790989 0.00680948907788733 0.0759136287699721 0.00790111941042535 0.793286231567869 0.00652590568076637
"495" 0.0868187371651106 0.00965130925012953 0.00342570032079979 0.0307015499865139 0.133169047738161 0.0268362049538873 0.696795712696037 0.0126017378893616
"496" 0.0589862709115243 0.00713944128248683 0.0154290554791791 0.0145905163908404 0.056244844501375 0.059457838661568 0.786754607121033 0.00139742565199358
"497" 0.123228276088749 0.00328908354880572 0.00104451725539937 0.00254490861752252 0.0742808055441613 0.00150918134013922 0.784061079841354 0.0100421477638694
"498" 0.0123698541685256 0.0464384124773586 0.000439152547687658 0.00412263367208444 0.105041380171849 0.013536981504604 0.817013091801474 0.00103849365641733
"499" 0.115045835800555 0.1668558532327 0.00188781447193311 0.00535290701729879 0.0664797565071599 0.0288838916558641 0.612146455453827 0.00334748586066222
"501" 0.0647670526836731 0.0165323578429815 0.00297753208044311 0.00398145999018312 0.0456560628721526 0.00722481030790401 0.855564221486683 0.0032965027359792
"526" 0.11907276785346 0.0320644220449119 0.00366410202456287 0.00680572055447739 0.0429747792321485 0.00408877726102347 0.783062259665734 0.00826717136368166
"542" 0.000143816084336098 0.00584683043291595 5.59271627970198e-05 3.55815120257232e-05 0.00241262699257656 0.000217139337412741 0.991264414524594 2.36639533414044e-05
"548" 0.00337001537909784 0.115400777152009 0.00291096195634434 0.00292601854383248 0.0129127453500406 0.00374119364712613 0.855647333114761 0.0030909548567887
"551" 0.798154145252443 0.00674998504444061 0.0051723937922336 0.0624504616654091 0.0791604452726972 0.00695721397439204 0.0336321514692918 0.00772320352909273
"552" 0.919553278352823 0.0446528199701753 0.004693128706453 0.0055238758368588 0.00626942309972117 0.00557752929048654 0.00906242602875256 0.00466751871472943
"560" 0.00106844464978609 0.00426562430047153 0.0246875467967791 0.0279722233314164 0.00299152709012388 0.00185818951446392 0.00250993866523691 0.934646505651722
"563" 0.141452324489906 0.569135107866004 0.127592610387499 0.00121137683454529 0.000577915796449105 0.0841322576442416 0.067779021193738 0.00811938578761668
"564" 0.0273291630208938 0.737303078839658 0.00702319861147915 0.0014476435490462 0.000560473860976286 0.0726726453536364 0.144761289543776 0.00890250722053416
"565" 0.103864470108608 0.473999869333138 0.0828417997607395 0.00350684097327553 0.00213975682874394 0.0240455245653976 0.304268132373549 0.0053336060565487
"575" 0.0130843700886839 0.0385569372096279 0.0247338226016934 0.0110683506604738 0.176232375662481 0.0576990567654071 0.65351470804968 0.0251103789619529
"577" 0.00498751236150507 0.237676531535739 0.0066718690868912 0.0104339570674754 0.0667165117098559 0.0198252441717571 0.649015884262773 0.00467248980400325
"578" 0.0743756803167746 0.293897064432045 0.00300982345370835 0.00495002123479743 0.187039350165952 0.0744583473607971 0.326211357294514 0.0360583557414121
"580" 0.0898303477460725 0.000348148882354717 0.015057521887685 0.00133601519613626 0.00223942288558933 0.121412356952914 0.769387555067421 0.000388631381826672
"581" 0.106211594690553 0.0588232134372533 0.00694989201457669 0.128989896949116 0.0225356191568679 0.00539125837741324 0.666909636317995 0.00418888905622486
"587" 0.00344585115269452 0.00555763254717574 0.00208572645859157 0.00361137498460115 0.00221494148091955 0.0276158516622695 0.952549279062771 0.00291934265097664
"588" 0.00161092053302154 0.00217263140607654 0.0017102634230262 0.00350933636935687 0.00183506035838898 0.00317148398217396 0.984566430198321 0.00142387372963468
"590" 8.33768969619202e-05 4.4555764717451e-05 4.23383546481017e-05 3.52928143921133e-05 4.35532619341813e-05 7.43805579795936e-05 0.999644023200661 3.24791487059067e-05
"591" 1.55645169411148e-05 1.41218287617932e-05 7.0611034878898e-05 1.91108967523804e-05 5.01822949160372e-05 3.69648874468094e-05 0.999768433683179 2.50108571239831e-05
"592" 0.000151956394577957 6.7388784786423e-05 7.43051021897957e-05 7.49019650287649e-05 0.0240455607689923 0.000109104759638784 0.975258478973653 0.000218303251132957
"599" 0.00232482092059404 0.0976266821134997 0.0138568136750085 0.00871435695900003 0.00263617998049425 0.442176059461305 0.431403041153836 0.00126204573626242
"607" 6.09781411902499e-05 2.65821195315968e-05 3.75717981171095e-05 4.43637159733479e-05 0.00115839413307007 0.00227255598426534 0.996366370091365 3.31840164873676e-05
"614" 0.0441342358692202 0.0847337982664757 0.00843529186961837 0.00304104221354602 0.116851957044961 0.00965465854662826 0.727043318835281 0.00610569735426942
"621" 0.00646392560661173 0.0682921958747114 0.00620022780767843 0.00769256096098995 0.00689305319384685 0.00736786425982541 0.890926661356004 0.00616351094033173
"625" 0.00963388949697973 0.380052162567524 0.0717418824960621 0.00878852744327057 0.00256315797868753 0.0064806981464361 0.485678732427338 0.0350609494437026
"626" 0.000597854780664668 0.000527737733140175 0.000495885485371574 0.000512208665817649 0.00539330984380259 0.000523374101718804 0.991490683687429 0.000458945702056128
"627" 0.0128384067642297 0.10835342496013 0.0130085369722026 0.00991442712539818 0.0148274071176232 0.0141998144641627 0.816097091951602 0.0107608906446512
"628" 0.0455065034483564 0.916766036851807 0.00933740700806653 0.00518523419631367 0.00586578656494064 0.00710700096289862 0.00500094653566396 0.00523108443195294
"630" 0.0030041469707228 0.694971363857877 0.126989797622918 0.00639699423258227 0.00148927688830455 0.0287317826434552 0.135853692829839 0.00256294495430152
"634" 0.997619144968915 0.000381435213018069 0.000314378671101786 0.000348140329832996 0.000362597264274524 0.000297174082232571 0.000387771280037506 0.000289358190587264
"637" 0.971949837643473 0.00527399041953603 0.00352634348697739 0.0036339498985549 0.00393754704664616 0.00422513853876575 0.00381504323539591 0.00363814973065092
"651" 0.417858029269289 0.212759020506202 0.282007979452133 0.0564578568686173 0.00487328402162551 0.0153556424324643 0.00441426431888823 0.00627392313078096
"655" 0.0822669799952916 0.136560550657525 0.00574749058291042 0.0670740040081368 0.0110503801234552 0.103124077704487 0.559256780128239 0.0349197367999555
"656" 0.0628736129684313 0.141700194129882 0.00216916748658753 0.0061377473248522 0.0863725274349855 0.0815013670549629 0.551843924398342 0.0674014592019557
"688" 0.0873357150334186 0.057780193425919 0.00548360500101541 0.00562227774822221 0.0220255938467396 0.0703295173214254 0.74482762987194 0.00659546775131999
"703" 0.00512943703369496 0.00644834760551403 0.00219739694770352 0.0142746390964808 0.0667085788393511 0.0816342147717113 0.821103589929257 0.00250379577628754
"705" 0.00962670625681156 0.0300265632076196 0.00911765777851974 0.0095821412862471 0.028654924400767 0.0140243971040073 0.851644676205271 0.0473229337607563
"707" 0.000812203608833478 0.000760473396896288 0.000887559262310228 0.000874894879743736 0.00145710407107711 0.00100792107592596 0.993420606289916 0.00077923741529702
"708" 0.000100444069317454 7.38695287130326e-05 0.000102468038771103 8.20656735814195e-05 0.000884827076951501 0.00168783415954644 0.996995911008307 7.25804448120437e-05
"711" 0.0777196291882788 0.00419244022180112 0.00340648512506433 0.00680311209261613 0.00633356152446127 0.00702127235966941 0.862890003287496 0.0316334962006133
"717" 0.00953000684673431 0.112400946394873 0.00428387312445463 0.00578820097314211 0.00341349649677316 0.285170580000072 0.575886870523525 0.00352602564042561
"724" 0.128724895570136 0.208008742887901 0.0315266271865604 0.00734113578002268 0.00983853795760154 0.00721626147288894 0.601019440136762 0.00632435900812728
"726" 0.0349550295140124 0.00631230152437117 0.020805442986741 0.909277253128863 0.00578374004596161 0.00644757320842315 0.00596409287040638 0.0104545667212216
"731" 0.00425725918214519 0.00436395985860789 0.00461502863112068 0.00463946804909341 0.0089741793063625 0.00396349374118239 0.965046441530644 0.0041401697008442
"749" 8.26482267235725e-05 8.80604549051467e-05 9.43214317490582e-05 8.73341995999139e-05 0.000112303650132887 8.71609758560965e-05 0.999339897589157 0.000108273471876507
"755" 0.00625784620688738 0.00625000306465781 0.022137953110627 0.00738213916203415 0.00739394656962939 0.00985340928431961 0.934208969599891 0.0065157330019535
"757" 0.0129772310166745 0.83038279692491 0.047509141350826 0.00399931889924341 0.00467408020843735 0.0915609153313621 0.00358922829440396 0.00530728797414319
"761" 0.00742381685962185 0.0019027635767368 0.00221840352097377 0.00265389563712858 0.0499625894790399 0.00331382569526833 0.930143767203545 0.00238093802768575
"774" 0.0080994859648448 0.00768835795425864 0.00798834075632418 0.00811435125037628 0.0166056940736211 0.92627122152149 0.0171295603181428 0.00810298816094266
"779" 0.962459581815876 0.00112712640102599 0.00193236420671146 0.000728631522924537 0.00508139612841095 0.025134662266631 0.00283632390714648 0.000699913751274052
"785" 0.790330426283016 0.180886364437021 0.00303017503605906 0.00581090224741007 0.00624707817639355 0.00329662743043837 0.00313393453276724 0.00726449185689521
"789" 0.0429641479051707 0.00498631778406112 0.00780579063125232 0.00562280488863068 0.00707886811036805 0.00574362996218587 0.920840238826364 0.00495820189196682
"793" 0.00717740401402236 0.00724050292119041 0.00720889625310962 0.00749890010659396 0.00869499353197603 0.00804384338256236 0.946837116765147 0.00729834302539774
"796" 0.00975298922866662 0.77280895121907 0.00541133724510811 0.00483000635695498 0.00473515824924088 0.191549401817777 0.00549350055451934 0.00541865532866324
"804" 0.00640156444917863 0.761619268073024 0.0158657675501603 0.0232495486896101 0.00550601731766511 0.0178490988153287 0.164444874884742 0.00506386022029044
"823" 0.25169556064832 0.392382036616287 0.00654918262226819 0.0533494567488213 0.084294237094574 0.046768466199319 0.15696504730833 0.00799601276208112
"838" 0.0066410399103027 0.000902377665846022 0.0006201842893569 0.00171568761284761 0.00556719433309582 0.00222630615572993 0.981807337140456 0.000519872892364739
"846" 0.00133457672694866 0.00116253601141763 0.0011347402043009 0.00144825553748149 0.00164112075044655 0.00144806140523411 0.990696012529064 0.00113469683510674
"847" 0.00285405789921552 0.118769840845179 0.00241926015134528 0.00406963147943772 0.0228444244100669 0.00234848903517787 0.844043387251917 0.0026509089276609
"850" 0.000807208551038055 0.00082400467085543 0.0176724470920584 0.000947702135767703 0.00312909490352863 0.000828080152653422 0.974874156063125 0.000917306430973674
"851" 0.00200054188401524 0.00188386893013182 0.00187384015275956 0.00214808810771281 0.00267144095897536 0.00236899221276804 0.985119362084195 0.00193386566944271
"853" 0.0101511905972732 0.022854875517997 0.00397980093772767 0.00424062148797106 0.174751558190366 0.0251382883851676 0.753570481844359 0.00531318303913856
"854" 0.00483231252816508 0.0042879089576128 0.00396830164074506 0.00372991873648856 0.00418133580376433 0.00478617116954328 0.970175766214027 0.00403828494965429
"863" 0.000607428022847642 0.000698182273405981 0.000728001149823944 0.000730706486386217 0.0505560312060394 0.00100646227012042 0.945051980815521 0.000621207775855424
"866" 0.260209344126215 0.556152114638162 0.0303517657307117 0.0125874946898475 0.0739586186865512 0.0487199107166963 0.00806613899290451 0.00995461241891199
"874" 0.00616116600314039 0.61270579212041 0.0074293938143858 0.0675730831527954 0.00495119933297039 0.0189687711378839 0.247977501412794 0.03423309302562
"886" 0.00335957768841696 0.518508979851786 0.00646298596288527 0.00412223300810084 0.0311849402175592 0.112225626908542 0.320577141136726 0.00355851522598264
"925" 0.43988062195531 0.475430718085356 0.0259863504191934 0.00355384564979684 0.00391037761771308 0.0433258319885091 0.00395857906108529 0.00395367522303541
"938" 0.00749792949529684 0.00565750120797135 0.000163399646822615 0.000144138083532785 0.982320015130885 0.00390049351159982 0.000191731559340164 0.000124791364551309
"939" 0.00178360442629619 0.00273529449544558 9.66550863308833e-05 0.000107670901402404 0.994680220078611 0.000138619138079704 0.00036380057567391 9.41352981607259e-05
"947" 0.980608799561692 0.000840434691652099 0.00159306095844857 0.000995859579796147 0.0048240659248254 0.000692630885091381 0.00552689985957866 0.00491824853891529
"950" 0.992004841566685 0.00128944689313911 0.00107397024961507 0.000976011833672376 0.00125210661227626 0.00105654527154189 0.00133589362259685 0.00101118395047363
"951" 0.994099107717515 0.00136069953369909 0.000699358751782686 0.000835324933437302 0.00074854128090699 0.000859785834545047 0.000749601042664528 0.000647580905449434
"953" 0.980285818911697 0.00334655559421985 0.0046462486069022 0.00207327487515401 0.00209681947380652 0.0031571579086932 0.0021819302747089 0.00221219435481863
"957" 0.848403687509364 0.105575164039794 0.00741487460831993 0.00795593241525916 0.00747309740799865 0.00780608456331509 0.00765243797314426 0.00771872148280543
"998" 0.00529018173618552 0.0640488693970266 0.00630421346201741 0.00831373274250775 0.107823687017968 0.0362861231559643 0.762609744655247 0.00932344783308356
"999" 0.151196394541531 0.0636130708108315 0.00935514958104208 0.0102813765821682 0.118048408486865 0.0301651055321977 0.606152920940051 0.0111875735253138
"1014" 0.0485836743146986 0.497529361936444 0.135514157651599 0.00895748911274036 0.0170262246077924 0.0105584250051183 0.271172799075214 0.0106578682963934
"1015" 0.0165760513942227 0.697561799750815 0.0860867068955883 0.0110917732865357 0.0154274356840642 0.0108892468864279 0.152681084945655 0.00968590115669171
"1032" 0.00411187401308151 0.011903534239324 0.00309845150340631 0.00559252107573443 0.0324504119858301 0.00668753280170227 0.932316560863647 0.0038391135172743
"1039" 0.00691992518025357 0.00704692184990216 0.00635558377525735 0.00621956729374837 0.0117996446657588 0.0074855699011966 0.946468886030402 0.00770390130348158
"1047" 0.00226678114346811 0.00244461168177288 0.00223941372323825 0.00268055682771258 0.00269863258489387 0.00322863319115799 0.982229233030325 0.00221213781743158
"1048" 0.00116522598739394 0.000980028780186945 0.00101016108201041 0.00147259102783618 0.00486839448965031 0.00558486878111493 0.984009181647102 0.000909548204705244
"1049" 0.000686029869552283 0.000636460423730465 0.000781325766749828 0.000643034462364461 0.000627905544039488 0.000647466961707444 0.995344514274684 0.000633262697171959
"1051" 0.0114590044991653 0.00339960920967325 0.00345770159093174 0.00462562329832697 0.00417652020838693 0.0238317407330704 0.945161606891854 0.0038881935685912
"1054" 0.000139870272736077 0.000132675523483217 0.000163253004246194 0.000133196790855158 0.000136235606868626 0.000138025036610731 0.999022996001556 0.000133747763644392
"1055" 0.00923265056135287 0.0259580034935423 0.00674527793452717 0.00643724515339355 0.00628268533253834 0.00596344879983253 0.933747675517845 0.00563301320696817
"1057" 0.00180630197674524 0.00173025273306301 0.0165532066970548 0.00196740087150871 0.00203076084838581 0.00282046349048895 0.971358961560334 0.0017326518224199
"1059" 0.00228517341426477 0.00159299272174192 0.00167410514480186 0.00174668406290884 0.0115444683313369 0.00198389582991048 0.97734513633343 0.00182754416160489
"1075" 0.00466978128776106 0.00480698734788701 0.00505323927247534 0.00512774156776125 0.088462772601751 0.00699625594937316 0.873647020111718 0.0112362018612732
"1082" 0.307085015444134 0.353736982688053 0.00603654191117795 0.00626393927194747 0.0377205514076773 0.00600173094652331 0.276495844791774 0.00665939353871274
"1136" 0.00567538286420672 0.00515055806530002 0.00520269248901085 0.00598245705761714 0.00558132749707395 0.00572310187516078 0.961334311966277 0.00535016818535389
"1145" 0.0369771184124969 0.00739234564967713 0.00419692645087477 0.00500294220066949 0.00435005597367081 0.00485061099392964 0.933213155112406 0.00401684520627508
"1156" 0.00206874166186485 0.0104447002207184 0.0019107316411017 0.00169137170848422 0.00167825693000699 0.966373661527241 0.0141407502503636 0.00169178606021889
"1157" 0.00116817435538885 0.00110749250930158 0.00126158524418653 0.00127644385403733 0.0013495167835626 0.977233308598349 0.0153805871830759 0.00122289147209841
"1161" 0.957316513870789 0.00293528627895295 0.00315859938197205 0.00483104342558982 0.00429336527976193 0.00581653300160606 0.0188006784221732 0.00284798033915484
"1164" 0.991017614382341 0.000914600489379944 0.0015356934140914 0.000861279404978543 0.00075414926136216 0.00324266164124966 0.000900658351128958 0.000773343055468154
"1165" 0.984966349606607 0.0011321371349717 0.00122775122022383 0.00655031230096597 0.0029244357727575 0.00111313590323475 0.00116298448475329 0.000922893576485517
"1167" 0.975122060834818 0.0216314969962457 0.000219946027038554 0.000243600030090798 0.000378982249641429 0.000447166305346331 0.00154576805989985 0.000410979496919537
"1169" 0.955331359257181 0.014929635155366 0.00416748310951587 0.00382607322721263 0.00380048902078604 0.0097168341844973 0.00449766560659083 0.00373046043885041
"1171" 0.866717206841044 0.0142706552844748 0.0247548511218826 0.0119386903343222 0.0233488793101233 0.0170571599394608 0.0323572858758608 0.00955527129283113
"1173" 0.990876969185802 0.00241862924486181 0.00173610162043964 0.000941870902939039 0.000952910450367585 0.00107752037155075 0.0010408447456633 0.000955153478375495
"1180" 0.00257185473105452 0.00281090480731704 0.00290169167325959 0.00555847887189476 0.85060949450275 0.00241840812364863 0.0025463870804184 0.130582780209657
"1198" 0.00182449302560043 0.00183389380428664 0.173147152283787 0.00185692761667937 0.00259127629528637 0.00185812820341518 0.815090717494902 0.00179741127604262
"1219" 0.0542894295344517 0.553635898862015 0.00660761694360149 0.000261992922595254 0.000363598647004726 0.000277002749655408 0.384167461114999 0.000396999225677564
"1232" 0.0388318808851608 0.137517870210197 0.000800930768833979 0.0017085634340846 0.0252546895416229 0.00368091440598899 0.739156756116938 0.0530483946371741
"1233" 0.000369497453659385 0.0186266099056496 0.000597658036565771 0.000145637581085809 0.00379602120412587 0.000973994855144147 0.975301611470628 0.000188969493141472
"1253" 0.00448200031039594 0.226864236892028 0.00430331355651104 0.00594358346255638 0.00423052853028336 0.249760111980245 0.500248572178776 0.00416765308920365
"1259" 0.0354031669728714 0.00160675251290948 0.00107050634585094 0.000812525215672364 0.0905380838264977 0.00105563654989742 0.868574144891887 0.000939183684413896
"1260" 0.0960418879500741 0.13107827643998 0.0273480559954883 0.00324459463885169 0.0403237722412142 0.0258210188303375 0.67233704556292 0.00380534834113411
"1266" 0.00364417667948615 0.00101848084512726 0.000622836203905944 0.540912784112139 0.00211265407556636 0.000723186637819534 0.450155043884052 0.000810837561904179
"1268" 0.394555117302458 0.00637978973945161 0.00202550726376502 0.243229213817716 0.0408973794570205 0.10326625087055 0.132213532157134 0.0774332093919049
"1269" 0.0424545009157994 0.00925548581008702 0.00125996877642945 0.00924626330720635 0.00243331992119124 0.150987667819356 0.753824591114943 0.0305382023349868
"1275" 0.0241860924495082 0.584519720033791 0.0014104917073113 0.00984946149308154 0.00290123731505132 0.00942604466178132 0.357451334417267 0.0102556179222086
"1297" 0.00660418690575752 0.00884506127902909 0.0050878377989325 0.00515710255867427 0.069240820536095 0.00807501139915772 0.889496581089138 0.00749339843321589
"1303" 0.000770936019200295 0.00396363023162684 0.000912759725273143 0.00335597489997505 0.000519707070488182 0.018402783877588 0.971521262763433 0.000552945412415745
"1304" 0.00839917899544408 0.00394337331980385 0.00384474011515583 0.00825060880516442 0.00392916236251155 0.00695411191873831 0.960682926617989 0.0039958978651925
"1325" 0.00472286215818652 0.00444033445412646 0.00418303190463918 0.00382115169379539 0.00522755300095114 0.00442490146215583 0.96916323552888 0.00401692979726536
"1343" 0.00365106985491224 0.00313052191585178 0.00350948507404985 0.0163413071483521 0.00964069828763425 0.00396375180322752 0.956505572311373 0.00325759360459913
"1367" 0.012425764813532 0.0470167514428086 0.325266606139016 0.441667285913143 0.130387231826315 0.0214616998654995 0.0107020286935888 0.0110726313060966
"1374" 0.0264791123066481 0.422298972112356 0.0651182510995759 0.00117114287216742 0.00935501363831948 0.000992747643144144 0.473562546531669 0.00102221379611934
"1416" 0.00194273927796418 0.576278103360045 0.00428135845589649 0.0098871158884927 0.00601009765991777 0.00512555452947395 0.395956649105346 0.000518381722863541
"1421" 0.29334161426846 0.472290091502288 0.0011130334942101 0.000773100534222434 0.002052981533926 0.00197676466762453 0.0899937586982625 0.138458655301007
"1440" 0.0214408977349415 0.0996402968065421 0.00350918267233101 0.00838187110895402 0.0400287614885236 0.0775627778178653 0.698734245230696 0.0507019671401462
"1442" 0.129969779193637 0.185745543887785 0.0317245779568712 0.00163822750789132 0.00189707589444797 0.0461421242958845 0.528919149996551 0.073963521266933
"1456" 0.00638751448438458 0.00577801265120286 0.000106640514450857 0.000270069525468839 0.98660177938213 0.000679952446588865 8.66108236710989e-05 8.94201721026797e-05
"1459" 0.0630905148660938 0.118797220621904 0.00569382641621784 0.00464734827402505 0.635364208687632 0.0491456798192029 0.0855040254333877 0.0377571758815363
"1460" 0.97678297778218 0.00317256112117411 0.00191708799733483 0.00220821736686804 0.00885450470999706 0.00244869913731912 0.00255363748156739 0.00206231440355944
"1463" 0.0235146181057947 0.329379424027065 0.000119348327297234 0.000186493532470264 0.000265107761770224 0.57922508032968 0.067215828851491 9.40990644313985e-05
"1466" 0.108795267220038 0.168446052358371 0.00143492130721986 0.000664484841545782 0.00800711584296176 0.606090312991176 0.105992137713927 0.000569707724759182
"1468" 0.000889915807734202 0.00135716490495617 0.00162558857545402 0.000504105848105969 0.000609143617530531 0.993414054426015 0.00112127877516554 0.000478748045038891
"1472" 0.992831032063227 0.00125040055869144 0.000964532135320033 0.000908585383835716 0.00113691263452775 0.00126444603264014 0.000817284748060205 0.000826806443697609
"1475" 0.923200843957895 0.0589060765475357 0.00303587071255525 0.00291427970304856 0.00301662741446004 0.00313010130492028 0.00279245270640048 0.00300374765318504
"1477" 0.979062399435534 0.00267876133453377 0.00274882244652234 0.00270868888053517 0.00503056448725367 0.00248642131297205 0.00288883116008631 0.00239551094256231
"1484" 0.00929838002753849 0.0111835956859128 0.00847695605466221 0.0367813291121489 0.0414126428120071 0.113018438897133 0.770970541496012 0.00885811591458558
"1507" 0.00445676238691774 0.0869335363276749 0.00119731392879517 0.00283835618791751 0.140956039007448 0.00381406173217959 0.753962990600139 0.00584093982892757
"1512" 0.022575424676829 0.015976265724818 0.00054305966303332 0.00123996995802138 0.000727329409107015 0.00976493846990909 0.947222420120258 0.00195059197802382
"1522" 0.0122838230282954 0.108363954125191 0.00909972158259834 0.00846111892856081 0.0100193871083492 0.0105311118619543 0.832159550008016 0.009081333357035
"1532" 0.44529502042579 0.239410547709768 0.00717673165189734 0.00877923045306068 0.0184754521958981 0.0353050943196439 0.0754870865797918 0.17007083666415
"1536" 0.00944041080966534 0.453499240560757 0.169523339168662 0.0117030379096256 0.0105460777160156 0.0152765412590995 0.320760727007646 0.00925062556852909
"1544" 0.11119696681929 0.075047555048113 0.0983707784190201 0.00313848795602443 0.0404686048587174 0.0235897755030354 0.613736297419936 0.0344515339758632
"1583" 0.22229841470879 0.00568921976758097 0.00498724374935713 0.00744188580985751 0.00533634036745046 0.00562011622141699 0.709287882196499 0.0393388971790476
"1585" 0.0550998173713614 0.00580445349219927 0.0029410881843676 0.00572608634319618 0.105379797691517 0.00259225250731269 0.82027033345412 0.0021861709559262
"1586" 0.352279992171478 0.00233350253443151 0.00676591152660114 0.00476872425271756 0.0551761445726333 0.011279995882277 0.558745993387717 0.00864973567214497
"1589" 0.471617568601939 0.00986654457220327 0.00553101741722938 0.197414081320296 0.0247107218873329 0.0639058727327833 0.167539368706242 0.0594148247619739
"1641" 0.00626794579855579 0.00625930816644775 0.00580129562876918 0.00630882696668562 0.00756448917884238 0.00672786667194336 0.954652449518341 0.00641781807041463
"1653" 0.00291918868339711 0.0512417938774898 0.0027347296409007 0.00261586894555273 0.0032520545144271 0.00489586553907966 0.928281164106454 0.00405933469269896
"1666" 0.00628868023473211 0.00588526388045428 0.0134975720087103 0.0063501949655061 0.00936196127895342 0.0469137061380333 0.905694546263235 0.0060080752303752
"1667" 0.00128967638775605 0.00134115043934562 0.00136891408433395 0.00139985647195852 0.00335964358387011 0.00338605511966265 0.986512749825426 0.001341954087647
"1668" 0.000628281514721 0.000973621650705883 0.000957498040743993 0.000867647656952577 0.00307253892012769 0.0088432981255484 0.984008003043655 0.000649111047545455
"1670" 0.0104549862647791 0.0104197532039361 0.0220720267868239 0.0108810511454493 0.0242329606993899 0.0125637882504541 0.897660517746009 0.0117149159031586
"1672" 0.00379779664093118 0.00384668987366689 0.00395129211122357 0.00473964582919917 0.00496692326026405 0.00456111120495754 0.969962928530127 0.00417361254963035
"1674" 0.00513859065593603 0.00500000143835712 0.00514850265644039 0.00528341365922479 0.00618127023162537 0.00588763326277019 0.962026388169053 0.00533419992659291
"1695" 0.00798796534153662 0.0541716640879643 0.0071314427285831 0.0123003733077469 0.0154825102929391 0.00721107301132933 0.887671232736927 0.00804373849297347
"1798" 0.0153452784058152 0.10081665763494 0.00679692546467116 0.0228841208812695 0.0545958969396548 0.0896989531283019 0.668153969482857 0.0417081980624907
"1836" 0.00285303690032579 0.00310492156183167 0.00528329459447041 0.00289294905973766 0.00997474983046454 0.969300058233173 0.00381540829814863 0.00277558152184841
"1840" 0.97361591852551 0.00400588906642417 0.0033451667097677 0.00414763031579151 0.00378102242966789 0.00360402300121263 0.0040387460678101 0.00346160388381573
"1843" 0.995115616824928 0.00055284735760514 0.00257988804173726 0.000178409590948223 0.000851697530514726 0.000272460213786134 0.000245038546654171 0.000204041893826334
"1851" 0.984738479989959 0.00188971682791463 0.00156443089732221 0.00136094018002128 0.00257076386355505 0.00183146599706124 0.00467536475033991 0.00136883749382674
"1852" 0.981036518610577 0.00101345352277433 0.000749837755901683 0.000558614435567873 0.00311147356445131 0.00684210005845229 0.0039861756061158 0.00270182644615997
"1853" 0.982543936581125 0.00287137243506812 0.00202711196746725 0.00213245603444589 0.00361614006049934 0.00326070045148514 0.00186346754285625 0.00168481492705268
"1860" 0.754328771454223 0.16465172418935 0.00899808153463219 0.0100679217446197 0.00903812765243549 0.0300534280959601 0.0138769711597389 0.00898497416904062
"1897" 0.00812881909266905 0.809818559846842 0.0111313568350458 0.118415425447762 0.0234266638349011 0.0151311961669821 0.00626322730110762 0.00768475147469039
"1917" 0.0119355574040216 0.287770009168178 0.109340144100628 0.00546256214164935 0.00587273756074435 0.00609165509306283 0.567616539863524 0.00591079466819188
"1925" 0.0209500408902407 0.0141818416733237 0.026627105733318 0.0122444738258238 0.0130040211761776 0.0126805238679911 0.889806865965734 0.0105051268673913
"1934" 0.0111007655834142 0.169065111656917 0.332467944262467 0.0180426738856028 0.117499952012005 0.0226364994113079 0.216891563209608 0.112295489978678
"2052" 0.00914193635962367 0.109211508091365 0.008691869397219 0.0102472316662844 0.0145103020408583 0.0100545510031073 0.779313666169208 0.0588289352723348
"2068" 0.00293857777388475 0.0223240592625758 0.00235669746688133 0.00312414364270339 0.00593500815676129 0.0226929542128078 0.938300517921229 0.0023280415631564
"2273" 0.00186402149243096 0.00417597959842041 0.00899182036935203 0.00286568457155939 0.0319119007885743 0.945660870323783 0.00213389974372166 0.00239582311215824
"2278" 0.856534710020743 0.00756017772703792 0.00661994221128438 0.00877836790739013 0.0823182265181378 0.0219693512963005 0.0096773101968129 0.00654191412229322
"2279" 0.945728160233768 0.0128525447843429 0.00732875355905615 0.00640022436585412 0.0063433242084556 0.0076564236223387 0.00729319823262924 0.00639737099355529
"2280" 0.987205137590909 0.000881901183043811 0.000975979984545442 0.000744605508526473 0.000722243766118426 0.00813004795383694 0.000614857577285268 0.000725226435734613
"2285" 0.988497862309469 0.00137878468817366 0.00134686855105417 0.00145398750758061 0.00208065330921009 0.000717518255120049 0.000780298371346315 0.0037440270080457
"2370" 0.0293208361852183 0.101949980321458 0.00630002420584009 0.00651984074800175 0.0134742130737078 0.00712557001314407 0.804420082999969 0.0308894524526613
"2468" 0.00691114418588984 0.00735483213344963 0.118132008497274 0.826996194292953 0.00679579705694624 0.00648915446835751 0.00641406382879424 0.0209068055363346
