"1" "2" "3" "4" "5"
"SRS015127.SRX020547" 0.815281883177103 0.00348984272810072 0.178132819899979 0.00299507968358481 0.000100374511232512
"SRS015127.SRX020557" 0.810167360752126 0.000135843727964246 0.189455549707814 0.000183165159770524 5.80806523251006e-05
"SRS043704.SRX020690" 0.000200751772194413 0.998035063417565 0.000929214315123043 0.000826356032094362 8.61446302341255e-06
"SRS049355.SRX020682" 0.00810628926946597 0.987365652472699 0.00091697422813503 0.00342857997651005 0.000182504053189601
"SRS042320.SRX020665" 0.000983065142508248 4.78506808168468e-05 0.000440121863786892 0.000241745588392041 0.998287216724496
"SRS024488.SRX019684" 0.312204069884145 0.571338394950585 0.0583040771669458 0.034147760548106 0.024005697450219
"SRS019556.SRX020561" 0.16281032388389 0.752144791774977 0.0801232932701923 9.52037903552637e-05 0.00482638728058503
"SRS015198.SRX020561" 0.114769481669666 0.784652718158646 0.0378708277903321 0.0462350987565179 0.016471873624838
"SRS019679.SRX020561" 0.104474702442629 0.84370841288736 0.0298344759229501 0.0214879342615795 0.000494474485481485
"SRS015139.SRX020561" 0.0507933479048084 0.876869256918853 0.0204089697150995 0.0518260042313382 0.000102421229901294
"SRS015805.SRX020562" 0.0126734545946435 0.973260726758463 0.00569802485641729 0.00576093654185106 0.0026068572486247
"SRS019552.SRX020547" 0.00953669772058695 0.97992383228706 0.0100320472774418 0.000312515129667179 0.000194907585244342
"SRS019552.SRX020529" 0.0150745790515666 0.97552827718294 0.00910240344480243 5.23709171736429e-05 0.00024236940351739
"SRS015192.SRX020529" 0.0358545256710575 0.945506261710466 0.0185283306139886 5.50628660348919e-05 5.58191384532453e-05
"SRS049891.SRX020533" 0.161049903935632 0.756784864688821 0.0820104807596027 8.28476416766148e-05 7.19029742674256e-05
"SRS065615.SRX020579" 0.0493685935134056 0.933554145890946 0.0148649523909336 0.00212431217738526 8.79960273293522e-05
"SRS053714.SRX020518" 0.0016112737903733 0.000923732422122477 0.00111763346716498 0.00221854406309319 0.994128816257246
"SRS050472.SRX020518" 0.00209799842360753 0.00678394141985374 0.000861168548467007 0.000665050179520463 0.989591841428551
"SRS023019.SRX020682" 0.242590891757055 0.700874772854929 0.0392763638423347 0.0100854253906475 0.00717254615503442
"SRS024545.SRX020682" 0.00575638756401161 0.990354726250078 4.59842230560511e-05 0.00366349428033395 0.000179407682520531
"SRS042602.SRX020690" 0.0523372722839856 0.876943350613116 0.000682866426240356 0.0700195582908701 1.69523857873343e-05
"SRS063268.SRX020548" 0.0732173223430847 0.73711654303084 0.00804721819732147 0.024321419767725 0.157297496661029
"SRS015011.SRX020535" 0.00251886908474747 0.00316308778030933 0.000140471874868301 0.745584242948655 0.24859332831142
"SRS042360.SRX021470" 0.117312681444904 0.729780351948668 0.0281353232345143 0.0379611846914932 0.0868104586804205
"SRS065711.SRX022229" 0.155865999993541 0.721255797628736 0.0190582009260916 0.0957249973406854 0.00809500411094631
"SRS044937.SRX022234" 0.130818972848931 0.629309727506537 0.203555304098044 0.0361638915701045 0.000152103976383581
"SRS021762.SRX022231" 0.00122897747871994 0.00366499744172212 0.000147402489988905 0.000122258198826212 0.994836364390743
"SRS024365.SRX019684" 0.0172587463266243 0.937217479093601 0.00927375808297481 0.0313788314609706 0.00487118503582933
"SRS024343.SRX019684" 0.983511826847202 0.000386565270925317 0.0156511495104415 0.000387705492578599 6.27528788528089e-05
"SRS020539.SRX019684" 0.999070491778029 6.29341685882825e-05 0.000739546723764852 6.42964006733874e-05 6.27309289444171e-05
"SRS020881.SRX019691" 0.997705631508814 5.50872690365326e-05 0.00212870385568652 5.56949942587994e-05 5.48823722041039e-05
"SRS020895.SRX019691" 0.267159855169281 0.00457457549120235 0.728108879771018 7.87289388036685e-05 7.79606296955451e-05
"SRS016880.SRX019692" 0.00560846070249987 0.000153593865461956 0.994131736037835 5.33450917851757e-05 5.28643024184269e-05
"SRS015031.SRX020535" 0.991370957841561 7.82696616916026e-05 0.00834421180702131 0.000132975661543799 7.35850281827597e-05
"SRS015568.SRX020535" 0.317531767630968 0.00170931349032162 0.680155618895929 0.000519403491438864 8.38964913422145e-05
"SRS016233.SRX020522" 0.950638174751528 4.1378072506329e-05 0.0488238046537573 4.27705197488543e-05 0.000453872002460112
"SRS011589.SRX020669" 0.982236895130689 0.000114675591716113 0.0167538301191071 0.000712118811955419 0.000182480346532457
"SRS063236.SRX020665" 0.990974030774996 0.000147726884986172 0.00838580044564615 0.000467610875920373 2.48310184508448e-05
"SRS043574.SRX020563" 0.999564185716855 9.9395508258024e-05 0.000297637403269527 1.85416895019065e-05 2.02396821154511e-05
"SRS015872.SRX020529" 0.991611770141237 0.00110022726408755 0.00638858726791809 0.000587558428913774 0.000311856897843165
"SRS063514.SRX020579" 0.998268911328666 3.8738444095608e-05 0.00126523553912579 0.000258721967276164 0.000168392720836405
"SRS064811.SRX020579" 0.960168785693158 4.7610482769956e-05 0.0393988930568804 5.315997040978e-05 0.000331550796781897
"SRS045871.SRX020563" 0.998804694516775 0.000159993099354242 0.000917477577144775 1.74769354136518e-05 0.000100357871312385
"SRS023003.SRX020682" 0.922602050925578 0.000211127962270659 0.0771082521905432 6.77425599552881e-05 1.08263616526208e-05
"SRS047494.SRX020687" 0.999689764057658 2.81418259821077e-05 0.000228820058254447 2.86025602114958e-05 2.46714978938781e-05
"SRS015182.SRX020558" 0.85083919298366 0.0012464466663608 0.147791696542834 6.30431594470306e-05 5.96206476981349e-05
"SRS057051.SRX022036" 0.0169921129245552 0.00032973023255331 0.98201757987831 0.00033110051404182 0.000329476450539776
"SRS048103.SRX022221" 0.112254949711043 2.41420661365012e-05 0.887668866229683 2.78798711281275e-05 2.41621220084999e-05
"SRS023316.SRX022223" 0.952674694864288 0.00056609803391109 0.0466202993233515 7.0191179704707e-05 6.87165987447982e-05
"SRS023250.SRX022229" 0.7102264787954 0.000925396492176692 0.286814197996412 0.00188328583734417 0.000150640878666926
"SRS054762.SRX022236" 0.895262296977596 0.00129472527386762 0.0983328253954997 0.00509964433480553 1.05080182312375e-05
"700014744.V35.241810" 0.673760479266049 0.000201818459965428 0.325329423678935 0.000460581628047567 0.000247696967001963
"SRS015184.SRX020558" 0.951677096525224 3.88173813293498e-05 0.0478848726399749 0.000365917543053546 3.32959104181451e-05
"SRS018555.SRX020529" 0.0364317810787719 0.867746999525505 0.022996872440267 0.0300591329645874 0.0427652139908692
"SRS055187.SRX020687" 0.00995663522327891 0.987612354743265 0.00109835877417605 0.000587555653005529 0.000745095606274523
"700014999.V35.241686" 7.32703950037405e-05 0.978041050225224 0.000703468200049465 0.019870031911324 0.00131217926839882
"700033491.V35.241795" 0.00502798414351544 0.988164211995486 0.000914257948493288 0.0057792942307534 0.000114251681752148
"SRS018068.SRX019682" 0.00590026305219448 0.000591002930802813 0.000222665335599711 0.993186566099366 9.95025820369848e-05
"SRS062847.SRX020579" 0.00012943009132911 6.65712964061309e-05 0.00103479860009747 0.998700739916621 6.84600955461765e-05
"SRS056854.SRX020684" 0.00344193318562867 0.000593207278049451 6.80085743077464e-05 0.00972315495962762 0.986173696002386
"SRS050141.SRX020688" 0.000127400145305239 4.84370438052983e-05 4.73073939464681e-05 0.999722879039135 5.39763778079998e-05
"700015415.V35.241712" 0.00515024343059181 4.63778040148677e-05 6.04142434461293e-05 0.994696507659074 4.64568628734874e-05
"700014390.V35.241827" 3.86721638595251e-05 2.28679322769783e-05 2.2878071836184e-05 0.999889162121805 2.64197102222812e-05
"SRS043187.SRX020686" 0.0130353721769489 0.951877629794876 0.00703344217113305 0.000111079715062551 0.0279424761419798
"SRS045482.SRX020686" 0.00388187257750331 0.985926283824178 0.00217820240929263 0.000671308888246634 0.00734233230077904
"SRS045403.SRX020690" 0.135016825084547 0.639877739071919 0.0238755675794241 0.198415468419735 0.00281439984437405
"SRS014978.SRX020576" 0.00293479697453247 1.3934819953434e-05 6.56765721350743e-05 0.996966414524363 1.91771090160215e-05
"SRS020233.SRX019683" 0.000668633640598966 0.000125812425280687 8.14080056144537e-05 0.999044055743346 8.00901851596416e-05
"SRS014923.SRX020555" 0.00189625802096033 4.40882428078478e-05 0.000108505429264115 0.997907304687393 4.38436195745455e-05
"SRS019582.SRX020560" 0.00161112518401272 4.27583099699207e-05 0.00246124753226584 0.995856246186061 2.86227876906152e-05
"700014561.V35.241810" 0.000290210901482578 2.8104407097667e-05 4.47567796113827e-05 0.999608891943536 2.80359682727059e-05
"SRS019498.SRX020529" 0.272094373107285 0.648417388446701 0.0423490427686869 0.00515445876351286 0.0319847369138138
"SRS047424.SRX020533" 0.00104828085183458 0.00613170947193575 0.0020223644278263 0.978989642259447 0.0118080029889565
"SRS051979.SRX020688" 0.109763963936902 0.812492495396194 0.0278112257889892 0.0495287875593475 0.000403527318567189
"SRS017663.SRX019635" 0.961010976480471 0.0105152425203572 0.0191465555886717 0.00924926844287705 7.79569676230897e-05
"SRS023617.SRX019635" 0.987136293653389 0.000363293967236705 0.0120716203447353 0.000367834662867551 6.09573717713514e-05
"SRS017653.SRX019635" 0.861521813277783 0.00432367083024109 0.127655431215879 0.0063884474921379 0.000110637183958736
"SRS016529.SRX019635" 0.997177804688483 6.39375532571835e-05 0.0026319903359384 6.32254442889418e-05 6.30419780323779e-05
"SRS020245.SRX019635" 0.99547997486282 4.7229755809743e-05 0.00437452910130412 4.71151802215846e-05 5.11510998446172e-05
"SRS020002.SRX019635" 0.996321101303301 6.38298323958175e-05 0.00348730785288509 6.41600063638021e-05 6.36010050539657e-05
"SRS020267.SRX019636" 0.0291430066122981 0.752686688234956 0.204586752151114 0.0133858118371769 0.000197741164455252
"SRS017549.SRX019635" 0.0850336209196544 0.835794522225154 0.0578823772131857 0.00241686207769163 0.0188726175643141
"SRS020263.SRX019636" 0.000370273633900979 0.990658832102591 0.00883870679788215 6.72946063598061e-05 6.48928592656587e-05
"SRS024410.SRX019635" 0.970386687389025 0.00523568667128128 0.0233197634494113 0.000968655264775429 8.9207225507367e-05
"SRS017677.SRX019635" 0.00441566934607656 0.992894960829132 0.00239796758405753 0.000217798375119785 7.36038656138763e-05
"SRS024187.SRX019635" 0.0460898107166049 0.936629008156161 0.0170988983886916 9.11448796049397e-05 9.11378589377492e-05
"SRS018088.SRX019635" 0.975375500439681 7.85441526038843e-05 0.0243926373045767 7.67695064745104e-05 7.65485966644058e-05
"SRS017543.SRX019635" 0.99617472543445 7.75733824142233e-05 0.00325296775020723 0.000424775621992761 6.99578109359495e-05
"SRS016529.SRX019636" 0.997899499621992 0.000453963111006998 0.00149507900832895 7.55687012625461e-05 7.58895574094853e-05
"SRS017543.SRX019636" 0.99706721926124 0.00100673398188541 0.00175970175406466 8.80625658781217e-05 7.82824369319318e-05
"SRS017533.SRX019635" 0.960757083275761 0.000889193674479301 0.0380116209892483 0.000288112595442723 5.3989465068513e-05
"SRS017549.SRX019636" 0.0646085545646643 0.8295034403492 0.0794626870321238 0.00325780966995916 0.0231675083840528
"SRS024187.SRX019636" 0.0435522326797218 0.941460916417788 0.0147763633990563 0.00010588609981579 0.000104601403618067
"SRS013502.SRX019636" 0.99168069330861 0.000351473541155417 0.00607268437356651 0.00183677934860993 5.83694280577838e-05
"SRS013683.SRX019635" 0.0230998806200019 0.948984736973676 0.0218355146703433 0.0059303508340314 0.000149516901947481
"SRS020255.SRX019635" 0.988211025220315 7.7987165015905e-05 0.011537326070463 9.57476729613996e-05 7.79138712443782e-05
"SRS020267.SRX019635" 0.0298393167859285 0.744375705639948 0.218625739154222 0.00696253909160459 0.000196699328297416
"SRS024424.SRX019636" 0.0163427478436839 0.97565343743641 0.00337960283155218 0.0033633786081717 0.00126083328018254
"SRS017997.SRX019639" 0.00195746370335957 0.000631001346449043 0.000697482470383534 0.996611316273536 0.000102736206271587
"SRS017788.SRX019639" 0.0364776012425001 0.000110038946295724 0.963187699199997 0.000115020262425849 0.000109640348781605
"SRS018023.SRX019639" 0.0694612275282715 0.000126571913129776 0.93014431721727 0.000134794034147095 0.000133089307181343
"SRS018198.SRX019639" 0.664424982335856 0.000130417221417019 0.331066293527896 0.00320509717590776 0.00117320973892331
"SRS013237.SRX019639" 0.978766880044095 0.000754985845832724 0.0155078481872999 0.00480885488620351 0.00016143103656955
"SRS017653.SRX019636" 0.847402969452469 0.00507617940561772 0.139829847541518 0.00760434019445036 8.66634059442173e-05
"SRS018507.SRX019639" 0.999384080372609 9.58817641794628e-05 0.000328372707987969 9.55591183834216e-05 9.61060368399439e-05
"SRS018515.SRX019639" 0.0312075732356433 0.0001482736138143 0.968345139691449 0.000151068440870754 0.000147945018223271
"SRS018214.SRX019639" 0.217802934343761 9.82072515830042e-05 0.78190288992282 9.82130350129185e-05 9.77554468232728e-05
"SRS013228.SRX019639" 0.949655049906541 8.8853629943563e-05 0.0491410989215026 0.0010259226457215 8.90748962910902e-05
"SRS018204.SRX019639" 0.934577144032086 0.000108830973785716 0.0650911396103235 0.000112536435806301 0.000110348947999138
"SRS013683.SRX019636" 0.0217814371917949 0.952904804024727 0.0239931859560611 0.00115701498287326 0.000163557844543354
"SRS017533.SRX019636" 0.968573510833327 0.00067032166023166 0.0300149871554239 0.000679623189551937 6.15571614656125e-05
"SRS024582.SRX019639" 0.859678487569232 0.000165381662871385 0.139685421571438 0.000332331463479123 0.000138377732979416
"SRS013270.SRX019639" 0.00439251196325127 0.994470822970765 0.000721040672990669 0.000207616864438242 0.000208007528555124
"SRS024594.SRX019639" 0.00045695020832179 0.000127584955020321 0.998970498662283 0.000155532628297113 0.000289433546078128
"SRS018216.SRX019639" 0.399871916545026 0.000125103832964011 0.599753898211571 0.000124963449800433 0.000124117960638379
"SRS013234.SRX019639" 0.987928256534666 0.000103300711757832 0.0111922825056151 0.000673319480732483 0.000102840767228121
"SRS013255.SRX019639" 0.0230332376144448 0.000120162293467298 0.976538117075505 0.000200151261862582 0.000108331754719869
"SRS017782.SRX019639" 0.864420171886011 0.000108928301559346 0.135253841914236 0.000108666532194959 0.000108391365998945
"SRS017778.SRX019639" 0.922160171903262 0.000123940338054266 0.0732447778956502 0.00432572557263316 0.00014538429040009
"SRS018021.SRX019639" 0.139281644732384 0.000112753392870615 0.860385650148195 0.000105694044313997 0.00011425768223591
"SRS020255.SRX019636" 0.987730367351077 9.08566604037276e-05 0.0115321747113759 0.000539896443678912 0.00010670483346382
"SRS018513.SRX019639" 0.062832874489621 0.000174612027456169 0.936754305616142 0.000120012822998595 0.000118195043782288
"SRS018505.SRX019639" 0.953893150022138 0.00581508860802049 0.0399924839233197 0.000157314811895714 0.000141962634625745
"SRS013249.SRX019639" 0.942750283756282 0.00286112984126983 0.0491849316197411 0.00497534311210496 0.000228311670602115
"SRS018208.SRX019639" 0.948810949774968 8.97957482842127e-05 0.0508660791494086 8.91475147392225e-05 0.000144027812599654
"SRS017663.SRX019636" 0.966379211208304 0.00636265817986997 0.0194139270375012 0.00776148471249224 8.27188618329195e-05
"SRS024588.SRX019639" 0.945783133797138 0.000130507505142728 0.0538223280370782 0.000134377756131273 0.000129652904509877
"SRS024584.SRX019639" 0.936148967399023 0.000107927676417319 0.0635272460094198 0.000109212705864586 0.000106646209275101
"SRS013243.SRX019639" 0.982447460850961 0.000113524386633872 0.0172098911641006 0.000116448347189535 0.000112675251114501
"SRS020026.SRX019636" 8.73830142430088e-05 0.999253170211636 0.00012265852427632 0.00045922715556384 7.75610942803154e-05
"SRS045289.SRX019682" 0.101864042817679 0.00010572226720222 0.897819610639915 0.000105739042396083 0.000104885232807564
"SRS047584.SRX019682" 0.0947707130427454 0.000156899805583673 0.904761860442773 0.000155220927192308 0.000155305781705279
"SRS056264.SRX019682" 0.720401139303203 0.000117981733058602 0.27543965158501 0.00392578822575691 0.000115439152972328
"SRS018159.SRX019682" 0.000163524940727876 8.0456151062699e-05 0.999595180811839 8.05405886729811e-05 8.02975076979732e-05
"SRS024050.SRX019681" 0.994669327341486 0.00015869038718875 0.00484165910332612 0.000171499907501813 0.000158823260497312
"SRS016936.SRX019681" 0.806180733111018 0.00149200838651358 0.182487439753919 0.00967716365096841 0.000162655097581105
"SRS024058.SRX019681" 0.0641962795733028 0.905937668227594 0.0213334731807591 0.00827986927867091 0.000252709739673084
"SRS018009.SRX019639" 0.990065885887263 9.47666366811124e-05 0.00964944991018548 9.50903413502646e-05 9.48072245205241e-05
"SRS013252.SRX019639" 0.038942273972119 0.000109940832263725 0.960678480454092 0.000109510169043416 0.00015979457248194
"SRS017772.SRX019639" 0.580872856743477 0.000144604489108024 0.412840028491492 0.00599341540859994 0.000149094867322795
"SRS017780.SRX019639" 0.936235713732025 0.000103560134421664 0.0634574279223496 0.000104031310506416 9.9266900697559e-05
"SRS016343.SRX019682" 0.98570529567662 9.98143493943743e-05 0.0133010268639636 0.000102860509785025 0.000791002600236703
"SRS016712.SRX019682" 0.996554704670653 7.14336980121728e-05 0.00323106147559329 7.15372172032074e-05 7.12629385387529e-05
"SRS053366.SRX019682" 0.986186658191152 8.63529580002805e-05 0.0135557737365944 8.58993753400986e-05 8.53157389133989e-05
"SRS016358.SRX019682" 0.997015200117925 8.93210091078719e-05 0.0019910072192647 0.000799702631734077 0.000104769021968221
"SRS018005.SRX019639" 0.906847058525184 9.86622246783017e-05 0.0928155180855955 0.000106576707947518 0.000132184456595135
"SRS018155.SRX019682" 0.966732548754803 0.000769367214014085 0.0322071968147822 0.000143855623449703 0.000147031592950916
"SRS017721.SRX019682" 0.96157118900935 0.000119018804419593 0.038137847528895 8.75680373054697e-05 8.4376620029371e-05
"SRS023758.SRX019681" 0.247989712604163 0.000137958969349504 0.750937128285601 0.000801718278659633 0.000133481862226817
"SRS024054.SRX019681" 0.22854936562766 0.0001539872500884 0.770970474305853 0.000154021902797506 0.000172150913600184
"SRS023989.SRX019681" 0.697932261029687 0.00015997532906956 0.300812887691892 0.000934497730276194 0.000160378219074698
"SRS016714.SRX019682" 0.975996567676947 7.24493653722547e-05 0.0237874809607803 7.16040663660132e-05 7.18979305342781e-05
"SRS016940.SRX019681" 0.012876076127165 0.000470060535396485 0.985566341336456 0.000877074055942337 0.000210447945040123
"SRS047634.SRX019682" 0.0116171037523316 0.000571198319866245 0.987621902759663 9.60843186797178e-05 9.37108494593032e-05
"SRS020429.SRX019682" 0.851581258884278 9.44051354361622e-05 0.146173306286422 0.00199839556949805 0.000152634124366391
"SRS023995.SRX019681" 0.0625569669097572 0.00015586773586608 0.936197578791841 0.000934821832745422 0.000154764729789917
"SRS044299.SRX019681" 0.455752484473494 0.000197921244241635 0.543614811142689 0.000222157491526093 0.000212625648049219
"SRS016361.SRX019682" 0.136172327238449 9.83801634887669e-05 0.863533854533151 9.77182175393829e-05 9.77198473720107e-05
"SRS017715.SRX019682" 0.943264130158286 0.000981631280434928 0.0365739884021577 0.0190918461730231 8.8403986098329e-05
"SRS013195.SRX019681" 0.88417146587259 0.0001596107084054 0.113990295190148 0.000953001072769373 0.000725627156087048
"SRS024048.SRX019681" 0.82292095833862 0.000205559766139935 0.175663268279662 0.000205634678413933 0.00100457893716414
"SRS018141.SRX019682" 0.855359829593215 0.000106739997348535 0.144322633037518 0.000106076607056877 0.000104720764862013
"SRS020439.SRX019682" 0.12570396278664 0.00306043196479928 0.857076552299422 0.0131239601367282 0.00103509281241076
"SRS018151.SRX019682" 0.999415395474977 0.000103023346629094 0.000276203619800938 0.000102692234081357 0.000102685324511478
"SRS020433.SRX019682" 0.181287783987962 0.000129907978725469 0.816989182833712 0.00013304952329684 0.00146007567630339
"SRS013185.SRX019681" 0.723166207757195 0.000179141674500135 0.27090754264275 0.00113296109064505 0.00461414683490905
"SRS050826.SRX019682" 0.942928010760437 0.000174639988373607 0.0558512080266126 0.000952973234379923 9.31679901962049e-05
"SRS023768.SRX019681" 0.00876114389532714 0.987911484057833 0.00297277475285809 0.000177191182651416 0.00017740611133026
"SRS023742.SRX019681" 0.916168341858476 0.000344700146403594 0.0820842604994036 0.000310800980896659 0.00109189651482061
"SRS016720.SRX019682" 0.322960194734139 8.0039171459552e-05 0.676727674623751 0.000146829331285954 8.5262139364481e-05
"SRS020443.SRX019682" 0.000269702611198522 0.991301993140856 0.000659871936600025 0.00767200522411681 9.64270872287921e-05
"SRS023987.SRX019681" 0.954869313734363 0.000843363072452068 0.0433068180151924 0.000840721527408795 0.00013978365058405
"SRS023756.SRX019681" 0.929399801696839 0.00088945577459463 0.0692729269622943 0.000153085015493027 0.000284730550778536
"SRS018157.SRX019682" 0.000246837555296383 7.62257673312306e-05 0.999524762458283 7.61981236280556e-05 7.5976095461373e-05
"SRS020421.SRX019682" 0.860710294579839 0.000518729477613735 0.116735960075962 0.0219501602072813 8.48556593040504e-05
"SRS052103.SRX019681" 0.775310378722764 0.000155667758238643 0.223436730315918 0.000937902433524262 0.000159320769555236
"SRS020435.SRX019682" 0.959699847790264 0.000234409717544252 0.0277629350782957 0.0122100481128731 9.27593010235974e-05
"SRS024052.SRX019681" 0.253744019164814 0.000181495539402026 0.745712252826898 0.000181507716784785 0.000180724752101168
"SRS016364.SRX019682" 0.0889649641611473 0.000648360284848582 0.90982753452807 8.05326964366615e-05 0.000478608329497143
"SRS058746.SRX019681" 0.0836661920338952 0.000164237280186957 0.915834191823203 0.000172096206974022 0.000163282655740766
"SRS016932.SRX019681" 0.748871167632135 0.00115081938540858 0.239476401491282 0.0094245722773905 0.00107703921378319
"SRS055625.SRX019682" 0.00305460783142065 0.000147962460660894 0.996564142064035 0.000117485113125648 0.000115802530757894
"SRS052522.SRX019682" 0.977200270493405 9.16961381709503e-05 0.0225250893860919 9.15013763405801e-05 9.14426059916512e-05
"SRS016716.SRX019682" 0.925556796398616 0.000181090415787894 0.0740018117264777 0.000130138346844382 0.000130163112274611
"SRS054588.SRX019682" 0.961411111193121 5.93240736700831e-05 0.0375314879179497 0.000939253463405106 5.88233518540668e-05
"SRS055686.SRX019681" 0.884136481630634 0.000211105500952502 0.114139559398617 0.00130270760896631 0.000210145860829555
"SRS016724.SRX019682" 0.163992754589375 0.000103418022494468 0.835697811959659 0.000103084431172109 0.000102930997299489
"SRS016722.SRX019682" 0.975225291512931 0.000112089700892688 0.0244390832801425 0.000111853198813762 0.000111682307219771
"SRS013201.SRX019681" 0.0332704815404438 0.000145141784847724 0.966294858815236 0.000144907941560129 0.000144609917911997
"SRS013203.SRX019681" 0.0048824367429811 0.000191962899090776 0.994534599885743 0.000196946736886606 0.000194053735298677
"SRS016708.SRX019682" 0.701774473908853 0.00023949052921166 0.297519393837196 0.000235097943894935 0.000231543780843662
"SRS016379.SRX019682" 0.0259072180112556 0.963290738044255 0.00352288593614699 0.00714574094347408 0.000133417064868115
"SRS016352.SRX019682" 0.99931380179263 6.68075061247792e-05 0.000481235683892507 7.17966415112921e-05 6.63583758417209e-05
"SRS057692.SRX019682" 0.96014752966952 0.00059380213784276 0.0390267476112525 0.00010095302054547 0.000130967560839108
"SRS016349.SRX019682" 0.907075551755079 0.00143687039877191 0.0883474505564552 0.00303591152030645 0.000104215769387681
"SRS018149.SRX019682" 0.98245049742066 0.000864333062400277 0.016528608914359 7.82740866986491e-05 7.8286515881843e-05
"SRS048653.SRX019681" 0.786395795002666 0.00018485634597908 0.213042594662338 0.000193050262361588 0.000183703726655515
"SRS024044.SRX019681" 0.955036130337963 0.000155340571486393 0.0444936137620645 0.000160668527994617 0.000154246800491199
"SRS016942.SRX019681" 0.00227738301407053 0.000867513641052158 0.996563712867635 0.000147933026577223 0.000143457450665059
"SRS016718.SRX019682" 0.992987136467092 8.33493094395134e-05 0.0067627463558558 8.37377324791946e-05 8.30301351332092e-05
"SRS023760.SRX019681" 0.232910710940821 0.000150022229782289 0.766640017068688 0.000149664146389035 0.000149585614320045
"SRS058175.SRX019681" 0.882171257039666 0.000302532767514127 0.116923547740768 0.000301382926745665 0.0003012795253058
"SRS017709.SRX019682" 0.421489715019232 0.000616383151894403 0.536776132012405 0.0410170803865246 0.000100689429943477
"SRS017713.SRX019682" 0.987476173902297 8.65369253815215e-05 0.0122741711159703 8.1643222840989e-05 8.14748335099443e-05
"SRS016449.SRX019681" 0.739705742715734 0.000147033772262006 0.250126843286147 0.00987445822807579 0.000145921997780343
"SRS016934.SRX019681" 0.971389020567585 0.000141191932707417 0.0254170327625243 0.00291396477637156 0.000138789960811891
"SRS016726.SRX019682" 0.316078025165395 0.000123277023010042 0.683553571153627 0.000122464023373159 0.000122662634595313
"SRS020437.SRX019682" 0.00383112102576277 0.00240366550325736 0.992471373292309 0.00119990640212472 9.39337765465053e-05
"SRS017717.SRX019682" 0.869980108561138 9.32484441623071e-05 0.127111129287956 0.0027249973908278 9.05163159163074e-05
"SRS054616.SRX019681" 0.769327753781035 0.000205938390676399 0.23000288865787 0.000258303788803771 0.000205115381614538
"SRS017719.SRX019682" 0.998337063096238 0.000104905561632577 0.0013491271215233 0.000104442143900889 0.000104462076705291
"SRS016930.SRX019681" 0.91655599507353 0.000319261331025801 0.0700647208104319 0.0127579055689183 0.000302117216094287
"SRS043898.SRX019681" 0.0311375774437363 0.000178688636101652 0.968326202114096 0.00017986487983583 0.0001776669262301
"SRS016337.SRX019682" 0.980104337460403 9.97478203979171e-05 0.0186137856719958 0.000934576820263615 0.000247552226939668
"SRS058182.SRX019682" 0.00435351583485624 0.992749059585073 0.00229483110918205 8.47860638333943e-05 0.000517807407055586
"SRS023629.SRX019683" 0.0307184763944839 0.000173829587279108 0.968754961831516 0.000175185117156028 0.000177547069564789
"SRS017418.SRX019683" 0.0180615152722414 0.00598418602241738 0.975101052249043 0.000152971936231596 0.000700274520066991
"SRS018445.SRX019684" 0.994303288761712 0.000400327686951492 0.00516362481963213 6.63638406346893e-05 6.63948910698233e-05
"SRS017667.SRX019683" 0.0365356244248113 0.000113861716413705 0.963097479969309 0.000137439397355567 0.000115594492110546
"SRS024468.SRX019684" 0.862722456628181 0.000128327629306648 0.137012081658953 6.9029311397915e-05 6.81047721620472e-05
"SRS020427.SRX019682" 0.962596327234652 0.000110740710942789 0.0349539257234437 0.0022562397653713 8.27665655905816e-05
"SRS023746.SRX019681" 0.996959974089524 0.000876572997776631 0.00187065475182629 0.000146966566847822 0.000145831594025492
"SRS023752.SRX019681" 0.999433854216972 0.00013315131126764 0.000167822982499948 0.00013257844311019 0.000132593046150237
"SRS016346.SRX019682" 0.990833104868282 0.000453028563541612 0.00699704683732519 0.00164206717008698 7.475256076408e-05
"SRS024062.SRX019681" 0.469118969402938 0.323821819145036 0.127925786369781 0.0782590430298233 0.000874382052421464
"SRS017127.SRX019684" 0.991613296769465 5.63667915620121e-05 0.00764804387094596 0.000626968710050262 5.53238579769356e-05
"SRS024355.SRX019684" 0.0265840482209538 7.70607310560767e-05 0.973201382131074 6.99607632967579e-05 6.75481536194189e-05
"SRS017665.SRX019683" 0.000501451398252963 0.000707786326197026 0.99791572358728 0.000758446545007925 0.000116592143261743
"SRS020249.SRX019683" 0.747358538191087 0.000610385352216046 0.249791438643709 0.00213830341694973 0.000101334396038548
"SRS017410.SRX019683" 0.948293649446921 0.000116381660691626 0.0507767408577913 0.00069731527377458 0.000115912760821288
"SRS024367.SRX019684" 0.0274498182542715 0.939559585187945 0.0323740923475043 0.00038605944147815 0.000230444768801166
"SRS013506.SRX019683" 0.820491291425004 0.000147163183351631 0.174818753239725 0.004399465761198 0.000143326390721468
"SRS013825.SRX019684" 0.917337345231485 0.000517699131445158 0.0742364646709063 0.00784541760834825 6.30733578153937e-05
"SRS013498.SRX019683" 0.699344631707411 0.000112536882294066 0.279051969656594 0.0213832732876716 0.000107588466029507
"SRS017420.SRX019683" 0.0511671625262262 9.35331956445238e-05 0.948085722339367 0.000560668181129361 9.29137576331677e-05
"SRS020016.SRX019683" 0.0036623555546491 0.000101383330846677 0.995423741919713 0.000709420849587251 0.000103098345204
"SRS017408.SRX019683" 0.987225949044781 0.00012857090229838 0.0112966471798571 0.00123494185933662 0.000113891013727057
"SRS024592.SRX019639" 0.00423623296339485 0.000119576518842351 0.995401343872138 0.000123422772861505 0.000119423872762993
"SRS020257.SRX019683" 0.0459421825254765 7.30970961714241e-05 0.953838478882895 7.32556608454286e-05 7.29858346121396e-05
"SRS020004.SRX019683" 0.965809076765951 8.75478569482212e-05 0.0221032472443342 0.0119133701718342 8.67579609316278e-05
"SRS017529.SRX019683" 0.713481980329168 0.00104711057458914 0.283317357513925 0.00204936236398393 0.000104189218333982
"SRS055687.SRX019685" 0.0088278912457566 7.69359137682725e-05 0.990212822651306 0.000806493249601455 7.58569395674034e-05
"SRS023613.SRX019683" 0.540740925962143 0.000105894427594619 0.458885753521944 0.00016440023012799 0.000103025858190586
"SRS020008.SRX019683" 0.997358073205153 8.10824712019299e-05 0.00239954918648242 8.06640918790729e-05 8.06310452833695e-05
"SRS023625.SRX019683" 0.967899849244472 0.00012250823945289 0.0317267427390992 0.000126809755376684 0.000124090021599355
"SRS024363.SRX019684" 0.0885376912576123 0.797959621932142 0.0475983437224662 0.0446004054401579 0.0213039376476214
"SRS024351.SRX019684" 0.9134951380893 0.000763459623781082 0.0849077286404806 0.000764331868324254 6.93417781138887e-05
"SRS020543.SRX019684" 0.940791371010186 7.5585922634558e-05 0.0531174800420389 0.0059408534352008 7.47095899397749e-05
"SRS020006.SRX019683" 0.984146068232922 8.93398448734985e-05 0.0146357480475591 0.00103995291828852 8.88909563572893e-05
"SRS017661.SRX019683" 0.683512449534274 0.00354471321567533 0.30168512801252 0.0111469260475378 0.000110783189993649
"SRS024175.SRX019683" 0.0254639352969038 8.36733348433232e-05 0.974285160678551 8.39440454892615e-05 8.32866442130856e-05
"SRS016533.SRX019683" 0.929314630998936 8.64218541333829e-05 0.0704266642261772 8.61603024425252e-05 8.61226183107469e-05
"SRS019998.SRX019683" 0.797251041250256 0.000562912442098819 0.199185964825009 0.00290594232480254 9.41391578343855e-05
"SRS013813.SRX019639" 0.684179732018861 0.00249479721216301 0.296299558872364 0.0169079002399584 0.000118011656653401
"SRS017649.SRX019683" 0.654188276464604 0.00227436666298075 0.331565489948146 0.0115912083686502 0.000380658555619108
"SRS017142.SRX019684" 0.00889474565164409 0.000453992393735823 0.989712729967748 0.000456324182084324 0.000482207804788071
"SRS017130.SRX019684" 0.90128361092001 6.09019227580808e-05 0.0970848564504458 0.00128170897862717 0.000288921728158701
"SRS013141.SRX019639" 0.059375429425035 0.000112492756009784 0.9402136918052 0.000126315237678513 0.000172070776077202
"SRS013516.SRX019683" 0.0280751755044468 9.25368109584107e-05 0.971646603803468 9.34700463822104e-05 9.22138347448214e-05
"SRS024167.SRX019683" 0.813096524739217 9.82563209035954e-05 0.0337644564244077 0.152942921509618 9.78410058545863e-05
"SRS049644.SRX019685" 0.848854492688916 7.75471883061274e-05 0.131658203297202 0.0193274003685393 8.23564570363505e-05
"SRS024412.SRX019683" 0.0226584582653547 0.00010428573794949 0.977029007445133 0.00010427462262324 0.000103973928939313
"SRS018102.SRX019683" 0.306218287843202 8.88688462180239e-05 0.693515354166656 8.88244229846156e-05 8.8664720939025e-05
"SRS020553.SRX019684" 0.0176314847303622 0.000668525914328834 0.980792917472041 0.00083919519451242 6.78766887557664e-05
"SRS020259.SRX019683" 0.0245829782588651 0.000819426202305545 0.974323446680886 0.000137853437410709 0.000136295420533035
"SRS024482.SRX019684" 0.0557948899761113 0.839897366159992 0.103883377114394 0.000358691241985532 6.56755075163764e-05
"SRS017304.SRX019683" 0.0438314204633721 9.16900567028593e-05 0.955894875799789 9.10833083601992e-05 9.09303717757737e-05
"SRS024470.SRX019684" 0.834097256735284 0.000423267352979342 0.165337623982498 7.11063857390736e-05 7.07455434994127e-05
"SRS013504.SRX019683" 0.92889653125107 0.000624718898673981 0.0635556552362954 0.00677987602449843 0.000143218589461912
"SRS023631.SRX019683" 0.0161135921146104 0.00012430022819748 0.983510071627364 0.00012574432649168 0.000126291703336135
"SRS020014.SRX019683" 0.0347108967239734 0.000114284789848818 0.964364273514549 0.000696614202508581 0.000113930769119936
"SRS020535.SRX019684" 0.733640591266337 0.000423706625768044 0.264464034834025 0.0014012486633259 7.04186105444239e-05
"SRS021986.SRX019683" 0.995855059852295 7.9350259110943e-05 0.0037880945368928 0.000198579044779849 7.89163069211751e-05
"SRS024349.SRX019684" 0.977424025273683 7.01680502354478e-05 0.0223669101647667 6.94509000215488e-05 6.94456112931476e-05
"SRS024406.SRX019683" 0.998593873424564 0.000833290600920967 0.000295779304246732 0.000138515304023146 0.000138541366245012
"SRS020241.SRX019683" 0.875434897249347 8.82351948397014e-05 0.12289136321415 0.00149685351635452 8.86508253090936e-05
"SRS024347.SRX019684" 0.920128343122369 0.000680223544988074 0.0745253298317492 0.00460528077281744 6.08227280764239e-05
"SRS021994.SRX019683" 0.149928221123818 9.78838911006e-05 0.849776178570459 0.000100160174089842 9.75562405326891e-05
"SRS020549.SRX019684" 0.959551452975309 0.00512072462717094 0.0158974940778551 0.0192728594992897 0.000157468820375493
"SRS016525.SRX019683" 0.897470381353361 0.000109667287899901 0.102193323136376 0.000118357598805481 0.0001082706235573
"SRS024414.SRX019683" 0.0826158080919942 0.00189411567291355 0.914410950986662 0.000988416618723197 9.07086297066738e-05
"SRS017547.SRX019683" 0.122780844411339 9.52108830852287e-05 0.876932652707807 9.62945379235376e-05 9.49974598447404e-05
"SRS024357.SRX019684" 0.0232231125049069 7.01235819531833e-05 0.976566254730336 7.06637044780473e-05 6.98454783255846e-05
"SRS016541.SRX019683" 0.151287636952646 9.85966706998214e-05 0.847926883667278 0.000588739481992713 9.81432273839491e-05
"SRS052762.SRX019685" 0.88640119073484 0.000721894683938153 0.106839395937359 0.00597259419560731 6.49244482557307e-05
"SRS017139.SRX019684" 0.0265152443415325 6.26851267341625e-05 0.972348004677278 6.25409568562307e-05 0.00101152489759898
"SRS020010.SRX019683" 0.992553645792253 0.000132337229500739 0.00577026954614849 0.00144957465076327 9.41727813342363e-05
"SRS024490.SRX019684" 0.0103761109347806 0.973774464166666 0.0149959102522126 0.000430077087849608 0.000423437558490968
"SRS024478.SRX019684" 0.272220057295469 7.57910467026551e-05 0.727550040516682 7.84958611624805e-05 7.56152799833343e-05
"SRS023619.SRX019683" 0.860075243889134 0.00108521993137426 0.138594508764593 9.93727873032987e-05 0.000145654627595889
"SRS020298.SRX019684" 0.778342228000369 0.000907670028243531 0.219656475300302 0.00101047598257296 8.31506885124171e-05
"SRS024480.SRX019684" 0.00015393428248931 9.23855908279207e-05 0.999097296913631 0.000564331220643679 9.20519924084345e-05
"SRS020302.SRX019684" 0.976148065255647 7.59957251260001e-05 0.0236253185497513 7.67088446336225e-05 7.39116248423057e-05
"SRS018453.SRX019684" 0.015141658234415 6.67909569355799e-05 0.984657417835017 6.75159340189827e-05 6.66170396138888e-05
"SRS013822.SRX019684" 0.863229056421406 0.0120966058359095 0.0807755388093746 0.0438139834146127 8.48155186969316e-05
"SRS024353.SRX019684" 0.990094119387337 6.31260808655074e-05 0.00971448916016806 6.41440184803986e-05 6.41213531490097e-05
"SRS020310.SRX019684" 0.891799767104531 5.35389106118294e-05 0.10760179661658 6.48629946593159e-05 0.000480034373618165
"SRS017537.SRX019683" 0.942623840100234 0.000701912298266009 0.0565159006362117 7.91610022438451e-05 7.9185963044442e-05
"SRS017659.SRX019683" 0.990340898167385 0.000100730909233701 0.00935870352224353 9.9918270649267e-05 9.97491304882558e-05
"SRS021978.SRX019683" 0.946701658405411 8.99478331876851e-05 0.0525539321163277 0.00056197163696548 9.24900081080146e-05
"SRS016537.SRX019683" 0.96554803534414 0.00055636504074042 0.0337111019274269 9.22549427664141e-05 9.22427449255439e-05
"SRS046495.SRX019685" 0.00544837044547982 8.13563824290138e-05 0.992657806641224 0.00173083597004877 8.16305608184426e-05
"SRS013837.SRX019684" 0.120668248170474 7.13792129979099e-05 0.879038402884274 0.000148265941023353 7.37037912307996e-05
"SRS020551.SRX019684" 0.0641174267025929 0.000406097148868967 0.934663713835048 0.000745311484260093 6.74508292296898e-05
"SRS024404.SRX019683" 0.999510084775651 0.000104141434436618 0.000178234017300029 0.000103776728798771 0.000103763043813444
"SRS017124.SRX019684" 0.964065749065368 0.000430246279148003 0.0320232179247187 0.00342122683520476 5.95598955611185e-05
"SRS020304.SRX019684" 0.877975045380042 0.00398901304921486 0.11627467389655 0.00167238687197936 8.88808022138002e-05
"SRS024345.SRX019684" 0.966152557723334 0.0022604770739811 0.0276411706215349 0.0038595958112585 8.61987698920206e-05
"SRS016543.SRX019683" 0.0927073855672985 0.000114261080865801 0.906946856524243 0.000117609896673785 0.000113886930918926
"SRS018435.SRX019684" 0.725880288584011 7.63855821488269e-05 0.273463899081161 0.000470308980880066 0.00010911777179842
"SRS055513.SRX019685" 0.140985630158878 0.000131549487081014 0.854122242357122 0.00395014402133375 0.00081043397558487
"SRS043190.SRX019685" 0.00283272569348269 0.968904555979934 0.000253718280798349 0.0279057401240168 0.000103259921768233
"SRS020251.SRX019683" 0.711814379358964 9.36204215588975e-05 0.287905275224572 9.33640867924281e-05 9.3360908112742e-05
"SRS024165.SRX019683" 0.969515839671221 0.000106389863231792 0.0160106181416478 0.0142624353364795 0.000104716987419948
"SRS020312.SRX019684" 0.93147522280065 0.000420654293292527 0.0673307533592142 7.37570008334836e-05 0.00069961254600967
"SRS018084.SRX019683" 0.845841293609395 0.000155829953457253 0.153665540743919 0.000179416092817651 0.000157919600411292
"SRS024462.SRX019684" 0.661748607973936 0.00138583656297029 0.329867804247317 0.00691191374085174 8.58374749254333e-05
"SRS020308.SRX019684" 0.993959282275193 0.00314031969558442 0.00236665074811012 0.000457391308609635 7.63559725027498e-05
"SRS013831.SRX019684" 0.829522538826373 0.0036315311689646 0.132466144531992 0.0343023444920821 7.74409805887277e-05
"SRS017115.SRX019684" 0.73281156700268 0.00116342331869886 0.259832732986228 0.00612504818036956 6.72285120233752e-05
"SRS013819.SRX019684" 0.989970394416484 7.06034176388816e-05 0.00807810149983869 0.00181095501745503 6.99456485833883e-05
"SRS024159.SRX019683" 0.679525418457268 0.00214326833637842 0.317436520466411 0.000794480172045753 0.000100312567896862
"SRS017539.SRX019683" 0.966909823916627 0.000140471038720677 0.03267012686598 0.000139780835270831 0.000139797343401998
"SRS017657.SRX019683" 0.903910952748372 0.00495914318912576 0.0864287099976714 0.00459536187415567 0.000105832190674774
"SRS024339.SRX019684" 0.811923723335813 0.000553774366887928 0.172190594693118 0.0152646427663935 6.72648377879652e-05
"SRS021984.SRX019683" 0.995314419370924 0.000580641358143326 0.00392169848884503 9.19780648686799e-05 9.12627172187104e-05
"SRS017784.SRX019639" 0.92513301591258 0.000127862319848757 0.0738436868912027 0.000767348358331474 0.000128086518036887
"SRS018100.SRX019683" 0.144253095433494 0.00010614937660453 0.855442513565205 9.9182539812488e-05 9.9059084883961e-05
"SRS023621.SRX019683" 0.738369100290854 8.39458331995561e-05 0.261373551138421 8.9989189781615e-05 8.34135477442807e-05
"SRS020316.SRX019684" 0.000111490769898265 8.54543282310423e-05 0.999627785806018 8.83110718458783e-05 8.695802400698e-05
"SRS017545.SRX019683" 0.015099945812804 0.000102094561558585 0.984593870984777 0.000102434092262207 0.000101654548598597
