"1" "2" "3" "4" "5" "6" "7"
"SRS015127.SRX020547" 0.804390254238007 0.178276485539403 0.00105186728709997 0.0145281894080393 0.00160318997583005 7.07609959931611e-05 7.92525556275547e-05
"SRS015127.SRX020557" 0.797854672453461 0.189606732082674 3.67031611570383e-05 0.0123477570032519 5.33825485046495e-05 3.55782234667427e-05 6.51745274846476e-05
"SRS043704.SRX020690" 4.51071762025573e-05 0.000585309595801682 0.0546238401195169 0.943019429077396 0.000620708732809395 6.12063950450601e-06 0.0010994846587693
"SRS049355.SRX020682" 0.00960313601503341 0.000965076039989024 0.909977048665264 0.0755892328019974 0.00351121179838707 0.000177654411236202 0.000176640268092623
"SRS042320.SRX020665" 0.00092732642984475 0.000360529481996253 2.43572762754554e-05 3.78682964348723e-05 4.62632107273456e-05 0.579289330257601 0.41931432504712
"SRS024488.SRX019684" 0.308444277818296 0.0575519325830579 0.324907106639175 0.250952173282305 0.0337483515267107 0.0237070495300606 0.000689108620394402
"SRS019556.SRX020561" 0.161110950015266 0.076673513981981 0.473194568653719 0.283988954745561 6.37111086164763e-05 0.00477241216030389 0.000195889334552124
"SRS015198.SRX020561" 0.101944217558893 0.0157341587217252 0.0361558410818451 0.823935194498706 0.00584379647469392 0.0150416745185689 0.00134511714556773
"SRS019679.SRX020561" 0.0985342422933279 0.0130101926916832 0.370965154025849 0.487786940933102 0.0149824056251014 0.00046751108126787 0.0142535533496688
"SRS015139.SRX020561" 0.0241635508358798 0.000130071692608664 0.0353118054989143 0.913921590992571 0.0263277655994125 7.26070238382001e-05 7.26083567758497e-05
"SRS015805.SRX020562" 0.00484697812472199 0.0010384082064286 0.100088338664911 0.885732659602202 0.00279708928717449 0.000162578589984692 0.0053339475245774
"SRS019552.SRX020547" 0.00893328330790638 0.00973853361501212 0.758885598722168 0.219768895061282 0.000178472130584323 0.000138705708603378 0.00235651145444369
"SRS019552.SRX020529" 0.0147039467023542 0.0090529555420668 0.718950233579281 0.253255261422954 3.4488138267765e-05 0.000223405033013013 0.00377970958206291
"SRS015192.SRX020529" 0.0343381808493255 0.0181217515655852 0.647088542048338 0.284926235687366 3.93190759707394e-05 3.94213308502511e-05 0.0154465494425644
"SRS049891.SRX020533" 0.160152180812503 0.0818155678704231 0.411171414373602 0.230227459388326 5.59734947035431e-05 5.09213712050587e-05 0.116526482689238
"SRS065615.SRX020579" 0.0495657248482219 0.0148692511871933 0.236658201203332 0.142692671645028 0.00151369497157562 5.91905040890018e-05 0.55464126564056
"SRS053714.SRX020518" 0.00153869500666076 0.00113619783156908 0.000199939992428459 0.00102394579280648 0.00212287332235474 0.993951240936814 2.71071173660699e-05
"SRS050472.SRX020518" 0.00203435132227995 0.000757406829798257 4.80723918971129e-05 0.00934851792359366 0.000645939615713317 0.9860969002582 0.00106881165851756
"SRS023019.SRX020682" 0.236209472705524 0.038269713652542 0.326207902360737 0.377085815723133 0.00947712234999902 0.00637508860037783 0.00637488460768708
"SRS024545.SRX020682" 0.00418740689210546 1.94622630031076e-05 0.521450743715844 0.469051051177315 0.00335447377106846 8.84679420818559e-05 0.00184839423858167
"SRS042602.SRX020690" 0.0493624417979441 3.71514183042867e-05 0.177797791993336 0.657603137487218 0.0583705631282496 1.15773811057433e-05 0.0568173367938428
"SRS063268.SRX020548" 0.0721635439329201 0.00603857949541617 0.367957919179079 0.26707071371331 0.0243082645666015 0.0617954624819613 0.200665516630712
"SRS015011.SRX020535" 0.00212443679568541 0.000102686907618476 5.99454929758012e-05 0.0188867046727971 0.760989207054463 0.137261268724444 0.0805757503520165
"SRS042360.SRX021470" 0.117161082903748 0.0282226014607223 0.578883987849222 0.147137286965555 0.0367190583914005 0.0867715014647611 0.00510448096459178
"SRS065711.SRX022229" 0.149164099123099 0.0173530922840693 0.129834552250184 0.600649591619693 0.0893463452184373 0.00638783094017009 0.00726448856434704
"SRS044937.SRX022234" 0.128760164793167 0.203930853395934 0.267169359396649 0.143526292058994 0.0352427532034847 5.75539956848205e-05 0.221313023156087
"SRS021762.SRX022231" 0.00114807614601676 0.00011901353008145 8.89838134021292e-05 0.00199811225060867 8.77651531518631e-05 0.978970182850841 0.0175878662558979
"SRS024365.SRX019684" 0.017982966525366 0.00968125167678698 0.877115284174847 0.0556412231976002 0.0311826483076737 0.00525782313646395 0.00313880298126233
"SRS024343.SRX019684" 0.98352098497068 0.0156078146248106 0.000360198139258899 4.65668482758288e-05 0.000368696236629393 4.47721853590508e-05 5.09669949861468e-05
"SRS020539.SRX019684" 0.999069337973248 0.000704634249864445 4.48041339072444e-05 4.56228174909581e-05 4.59155198771711e-05 4.47811546241017e-05 4.4904150988568e-05
"SRS020881.SRX019691" 0.997756146436494 0.0020466166496301 3.92418112488675e-05 3.96216294946026e-05 3.97814852179934e-05 3.91980251864339e-05 3.93939627279021e-05
"SRS020895.SRX019691" 0.264133296149198 0.729450528839532 0.000778155952325862 6.52322358349014e-05 5.4923596335887e-05 5.32129109515227e-05 0.00546465031582202
"SRS016880.SRX019692" 0.00534518449584163 0.994196089751395 0.000301562210067962 4.28445985774979e-05 3.81007741249078e-05 3.7719136276502e-05 3.84990337163631e-05
"SRS015031.SRX020535" 0.99140173263976 0.00826132484333201 5.24813743503966e-05 7.91230791562178e-05 9.80611321709934e-05 5.11925094578633e-05 5.60844217726983e-05
"SRS015568.SRX020535" 0.311712774178057 0.679755279319361 0.000412941534350488 0.00750532207882477 0.000486996535037919 5.87120794878296e-05 6.79742748806678e-05
"SRS016233.SRX020522" 0.950600966232146 0.0488383613095431 2.93635053038126e-05 2.98086787519438e-05 3.05524229885754e-05 0.000440414135103612 3.05337161626899e-05
"SRS011589.SRX020669" 0.981994665383986 0.0166930153499189 8.17225865345554e-05 8.26476515961758e-05 0.000678115677724496 8.20065533770632e-05 0.000387826796862471
"SRS063236.SRX020665" 0.991003094705415 0.00834776619015217 0.000141348584019274 1.81193102479166e-05 0.000454134822512832 1.77015899737083e-05 1.78347976794836e-05
"SRS043574.SRX020563" 0.999549003412999 0.000283039401370834 9.44980073568632e-05 1.19915229791241e-05 1.32293687849548e-05 1.18234769479579e-05 3.64148095605315e-05
"SRS015872.SRX020529" 0.991614122210283 0.006345756964445 0.000584597736114707 0.000270890246993834 0.000571706265425567 0.000297000455996267 0.000315926120741727
"SRS063514.SRX020579" 0.997979986673075 0.00120738411325521 2.71361598030679e-05 2.71964924764571e-05 0.000246184507069454 2.73050663448518e-05 0.000484806987976036
"SRS064811.SRX020579" 0.960270388905545 0.0391566491510363 3.36289528031984e-05 3.44877399832571e-05 3.79448731285393e-05 3.37413286776909e-05 0.000433159048826479
"SRS045871.SRX020563" 0.998601063327347 0.000837264816232605 8.05053198911161e-05 3.95239005490542e-05 1.23508743794514e-05 1.02337657521882e-05 0.000419057995848666
"SRS023003.SRX020682" 0.922541275509123 0.0771594176710572 0.000166055909755376 5.21736194815001e-05 6.44471471223257e-05 7.29134239599899e-06 9.33880106472026e-06
"SRS047494.SRX020687" 0.99972978517118 0.000171580682887761 1.92619789803225e-05 2.34480528186876e-05 2.04151855233736e-05 1.76029372957568e-05 1.790599131428e-05
"SRS015182.SRX020558" 0.849139658710454 0.14809171958111 4.27102234698999e-05 4.32564794907706e-05 4.50295492783317e-05 4.25743119439652e-05 0.00259505114425382
"SRS057051.SRX022036" 0.0158521540559893 0.982967922913984 0.000235178460171618 0.000237279572248205 0.000236500313605062 0.000235231267462132 0.000235733416539187
"SRS048103.SRX022221" 0.111153583568268 0.888757210844488 1.71564071877797e-05 1.75137987460561e-05 1.99018969653594e-05 1.71600746851057e-05 1.74734096601197e-05
"SRS023316.SRX022223" 0.952529109580344 0.0466900717727231 0.000469800899528531 0.000162307104510423 5.01121417553819e-05 4.87660713731481e-05 4.98324297650949e-05
"SRS023250.SRX022229" 0.70912639787557 0.287842233212223 0.000862412848193666 0.000122276002775181 0.00183119723772134 0.000107617585080049 0.000107865238437377
"SRS054762.SRX022236" 0.895295831208731 0.0984227286911761 0.00116475692992659 9.89811970558527e-06 0.00507338868613708 7.46500377245036e-06 2.59313605510072e-05
"700014744.V35.241810" 0.673573928914145 0.32552476959811 0.000190080603711702 2.54484262283028e-05 0.00043925806979647 0.000193500134111445 5.30142538971923e-05
"SRS015184.SRX020558" 0.95155560866754 0.047971927528311 2.39414459661846e-05 4.21589908552074e-05 0.000355693435031225 2.36824160234893e-05 2.69875162728368e-05
"SRS018555.SRX020529" 0.00963208979405259 0.000276428605240211 0.0951775457662669 0.858645491867153 0.00113916083995353 0.0303559241852741 0.00477335894205984
"SRS055187.SRX020687" 0.00783716744910264 0.000407414213238603 0.120680434402117 0.869754639993512 0.000576370736487022 0.000674752761166171 6.92204443758127e-05
"700014999.V35.241686" 6.19005479274945e-05 0.000696483682602398 0.977236150282716 0.000534248867946954 0.0201307112087056 0.00129416854848147 4.6336861620396e-05
"700033491.V35.241795" 0.00676293972714846 0.000136534006647802 0.0223246440714087 0.00957212749469155 0.00667329925339212 8.17906263823222e-05 0.954448664820329
"SRS018068.SRX019682" 0.00584727842862168 0.000160817741353861 7.0358947156726e-05 7.11910941611483e-05 0.993216877303477 7.03417435399762e-05 0.000563134741689831
"SRS062847.SRX020579" 9.38129752899958e-05 0.00101992356167228 4.68745838601946e-05 4.98484323505878e-05 0.998677573805474 4.78239870749895e-05 6.41426542776806e-05
"SRS056854.SRX020684" 0.00339903771685848 4.98810700054028e-05 2.46313156969381e-05 0.00131229794151337 0.00978595155628464 0.985398262122911 2.99382767297609e-05
"SRS050141.SRX020688" 8.82816413650022e-05 3.37095969111459e-05 3.06642046881734e-05 4.28838240817231e-05 0.999673086952061 3.26777355504492e-05 9.86960453430287e-05
"700015415.V35.241712" 0.00509412369997601 4.32248231012135e-05 3.3005851955308e-05 3.35421737419456e-05 0.994728813273857 3.30910128643561e-05 3.41991645038188e-05
"700014390.V35.241827" 2.62699453211299e-05 1.63137308405039e-05 1.63017290680248e-05 1.65176803304855e-05 0.99982426412343 1.68216730397974e-05 8.35111179704214e-05
"SRS043187.SRX020686" 0.0092562146687719 0.00609597174604801 0.264419597700217 0.69223421598667 0.000120105575673104 0.0278335915974711 4.03027251484708e-05
"SRS045482.SRX020686" 0.00207811284755362 0.00153303703565562 0.0736161279542057 0.914793035159292 0.000699829051729762 0.00724220870964109 3.76492419217523e-05
"SRS045403.SRX020690" 0.134056253120475 0.023499133010915 0.369238804882261 0.267363261046104 0.197525447369593 0.00270330638780064 0.00561379418285077
"SRS014978.SRX020576" 0.0029172082300779 5.20455527192892e-05 9.84816318360107e-06 1.03427814896307e-05 0.996985200079179 1.31816825251602e-05 1.2173510825968e-05
"SRS020233.SRX019683" 0.000593422967783986 5.81631565124706e-05 9.02282526649856e-05 0.000115363359522227 0.999028351095286 5.72128143011167e-05 5.72583539287057e-05
"SRS014923.SRX020555" 0.00186063076551516 7.79281388113678e-05 3.13396687542546e-05 3.2313306564168e-05 0.997935094549744 3.13009711058949e-05 3.13925995057131e-05
"SRS019582.SRX020560" 0.00158179656641658 0.0024561251599838 2.22649324529869e-05 3.67606413106976e-05 0.995737188665606 2.04247175108177e-05 0.000145439316718798
"700014561.V35.241810" 0.000275412671032744 3.23385953331767e-05 2.005370099255e-05 2.01936047320302e-05 0.999611914498483 2.00269971440908e-05 2.00599322829833e-05
"SRS019498.SRX020529" 0.268067047728949 0.0355960881241879 0.102985625573499 0.557112128305019 0.00109595946083081 0.0316518076372165 0.00349134317029771
"SRS047424.SRX020533" 0.00101059701667598 0.00168233731350473 5.92218004435133e-05 0.0073738516819669 0.978002913994344 0.00608863037002674 0.00578244782303851
"SRS051979.SRX020688" 0.110137311412525 0.0275367915495384 0.68350273674956 0.12321207997061 0.0488575971354071 0.000289195454650302 0.00646428772771024
"SRS017663.SRX019635" 0.961022342414443 0.0191471037074752 0.00948479156231605 0.000992447019315862 0.00923924837062797 5.45787647760803e-05 5.94881610460006e-05
"SRS023617.SRX019635" 0.987129475152292 0.012042120328907 0.000346617133226262 4.4247191818235e-05 0.000350314791664943 4.34584660670325e-05 4.37669360251573e-05
"SRS017653.SRX019635" 0.86082430193613 0.127879638453637 0.0027064906934909 0.00214456406744689 0.00630529851711919 8.17654296686393e-05 5.79409025066655e-05
"SRS016529.SRX019635" 0.997239784085857 0.00253250095634546 4.5356698443376e-05 4.69905200926623e-05 4.51618465139556e-05 4.50237029456574e-05 4.51821898016892e-05
"SRS020245.SRX019635" 0.99552101332955 0.00429716350310411 3.317806702716e-05 3.63671716819872e-05 3.36499382489936e-05 3.32665817226679e-05 4.53614086654237e-05
"SRS020002.SRX019635" 0.996321291968795 0.00345015556745104 4.54370975445724e-05 4.61641696018757e-05 4.58277919410644e-05 4.53518339931469e-05 4.57715706736591e-05
"SRS020267.SRX019636" 0.029147168846015 0.205411008344884 0.702701307397359 0.0453750560811482 0.0136344959412462 0.000143091790621048 0.00358787159872621
"SRS017549.SRX019635" 0.0779116862774607 0.0561122760897264 0.0995184453043672 0.746834091907445 0.000854617810707582 0.0154389817671929 0.00332990084310026
"SRS020263.SRX019636" 0.000280969317687574 0.00884751794854619 0.766941517192817 0.223768927274546 4.76528533355642e-05 4.53263078035401e-05 6.80891052637203e-05
"SRS024410.SRX019635" 0.970161873780863 0.0232562489834517 0.003727197843493 0.000866511331447139 0.000943015004437212 6.28744112100595e-05 0.00098227864509727
"SRS017677.SRX019635" 0.00244333363839192 0.00100660246921638 0.229780756788927 0.73681678361012 8.45287842128327e-05 5.15827876830676e-05 0.0298164119214493
"SRS024187.SRX019635" 0.0455111803239862 0.017092253296208 0.466135541146913 0.173591794169091 6.51016071238425e-05 6.4763019403435e-05 0.297539366437274
"SRS018088.SRX019635" 0.975296880977845 0.0244222844298794 5.52272283723053e-05 5.66586383528103e-05 5.48323245581819e-05 5.46538173465786e-05 5.94625836454254e-05
"SRS017543.SRX019635" 0.996190664116945 0.00317114936059751 5.04571237039476e-05 8.3142807327879e-05 0.000404566204202583 4.99586078801781e-05 5.00617793433259e-05
"SRS016529.SRX019636" 0.997913071037529 0.00143867739850291 0.000431100376643638 5.49332059260065e-05 5.39794818427153e-05 5.4211071359457e-05 5.40274281960678e-05
"SRS017543.SRX019636" 0.99681942484242 0.00163866743217867 0.00083899394936084 0.000525469004028517 6.27229252524433e-05 5.59002408445819e-05 5.88216059145179e-05
"SRS017533.SRX019635" 0.960678470743767 0.0380657036314962 0.000594378402579373 0.000341030310234262 0.000243009241300037 3.84010474499573e-05 3.90066231732839e-05
"SRS017549.SRX019636" 0.057103156565277 0.0771034693184285 0.0894328027881284 0.752006585804547 0.0012586032341239 0.0200651951916425 0.00303018709785251
"SRS024187.SRX019636" 0.0426713064989613 0.0147220850612533 0.521544442131732 0.165831735442665 7.56416908805726e-05 7.44608769052146e-05 0.255080328297604
"SRS013502.SRX019636" 0.991683618944048 0.00603676063486896 0.000333498616834898 4.27631234970348e-05 0.00181963199177219 4.16868391723925e-05 4.20398498067633e-05
"SRS013683.SRX019635" 0.0235313523768263 0.0216723301492244 0.521972737816834 0.121147312419083 0.00590307982686617 0.000107002947496405 0.30566618446367
"SRS020255.SRX019635" 0.988200919946666 0.0115073279692277 5.58465744071463e-05 5.57499135607752e-05 6.82365753005641e-05 5.53035655825028e-05 5.66154552557381e-05
"SRS020267.SRX019635" 0.0294994194504821 0.219415172325981 0.67939649263327 0.0608290746767234 0.00720807917138816 0.000141666845024521 0.00351009489713033
"SRS024424.SRX019636" 0.0164823299256586 0.00323331386809365 0.542242587257524 0.167791895288928 0.00143564734366851 0.000620331501885247 0.268193894814243
"SRS017997.SRX019639" 0.00191756728092566 0.000664118392699736 0.00059582690514065 7.87257832979356e-05 0.996596797954751 7.33894506446222e-05 7.35742325401679e-05
"SRS017788.SRX019639" 0.0358371928164049 0.963765855573399 7.84287039794404e-05 7.95091292132249e-05 8.21413708699366e-05 7.83110729243347e-05 7.85613332091673e-05
"SRS018023.SRX019639" 0.0689034563927318 0.930626655616971 9.03133428950739e-05 9.08964363311829e-05 9.62855352627645e-05 9.20314357949318e-05 0.000100361240012935
"SRS018198.SRX019639" 0.664000256572395 0.331437984433556 9.25715993958686e-05 9.57486200994586e-05 0.00318782444556897 0.0010728624508591 0.000112751878125493
"SRS013237.SRX019639" 0.978743603315897 0.015455143524173 0.000670704619811487 0.000110076329826347 0.00480336412332251 0.000121521050077381 9.5587036892657e-05
"SRS017653.SRX019636" 0.846608040583058 0.140021118077272 0.00282802469893626 0.00290919274815567 0.00750802616855786 6.0769834791013e-05 6.48278892288936e-05
"SRS018507.SRX019639" 0.999413582176506 0.000239562653936752 6.81866001626893e-05 6.91795244548177e-05 6.82563427133702e-05 6.81179754867678e-05 7.31147267393579e-05
"SRS018515.SRX019639" 0.030680720993664 0.968787018459161 0.00010568606552789 0.000107219540294825 0.000107897829688385 0.000105639311042712 0.000105817800621019
"SRS018214.SRX019639" 0.216411171224585 0.783237899098179 6.99344149516635e-05 7.10788975760129e-05 7.01522420148119e-05 6.98120309071477e-05 6.99520917856132e-05
"SRS013228.SRX019639" 0.949572414504086 0.0491863928813341 6.34866715996671e-05 6.35254509364076e-05 0.000986426087138118 6.33332173514948e-05 6.44211875545424e-05
"SRS018204.SRX019639" 0.934461140454727 0.0651440578642059 7.74847269877641e-05 7.91532132558659e-05 8.03602417864902e-05 7.81320425949568e-05 7.96714564423539e-05
"SRS013683.SRX019636" 0.0221153480681421 0.023758777748716 0.504908451319889 0.137559686847544 0.000872815419139743 0.000116887098287389 0.310668033498282
"SRS017533.SRX019636" 0.968518885083369 0.0300210246739377 4.85225999440214e-05 0.00066157999163943 0.000661981800079614 4.39419876730462e-05 4.40638633575581e-05
"SRS024582.SRX019639" 0.859410286332494 0.139804067714419 0.00010172232794851 0.000246979768405338 0.000238616504286328 9.89868267689699e-05 9.93405256768666e-05
"SRS013270.SRX019639" 0.00559038995316955 0.000633326497181196 0.385665044472561 0.0438794847300531 0.000148280441385915 0.000148400724691769 0.563935073180957
"SRS024594.SRX019639" 0.000317392100398202 0.998496641842746 9.0285960721743e-05 9.24594528817743e-05 0.000110963477720328 9.08769689311993e-05 0.000801380196600342
"SRS018216.SRX019639" 0.398809566056732 0.600742996099935 8.87413969086447e-05 9.19583367747725e-05 8.92576765558244e-05 8.86134276476554e-05 8.88670054458869e-05
"SRS013234.SRX019639" 0.987922964588128 0.0111408078921245 7.35008697541597e-05 7.49537436099614e-05 0.000640528093018383 7.34084919624145e-05 7.38363214022085e-05
"SRS013255.SRX019639" 0.0222567826563856 0.977245911655854 7.78569618850261e-05 0.000120645542656073 0.000143520375041027 7.73221796100049e-05 7.796062856851e-05
"SRS017782.SRX019639" 0.864064138976383 0.135546406940169 7.74887066768496e-05 7.89166867332567e-05 7.76191512769381e-05 7.74115577213861e-05 7.801798103907e-05
"SRS017778.SRX019639" 0.921714351746151 0.0734133438074909 8.54625401519996e-05 0.000146531857420383 0.00442257231976534 0.000129330914249155 8.84068147715024e-05
"SRS018021.SRX019639" 0.138131058873112 0.861395354828154 7.62421039921808e-05 7.96128788730692e-05 7.54858211908113e-05 8.00051520448132e-05 0.000162240342633681
"SRS020255.SRX019636" 0.987691540987169 0.0114809679474286 6.42148916178024e-05 6.69723290581186e-05 0.000514125384468912 6.36964594217822e-05 0.000118482000835198
"SRS018513.SRX019639" 0.0620177516857828 0.937121510587411 8.45289658427889e-05 0.000516411499902591 8.57234124019763e-05 8.44322247792368e-05 8.96416238795443e-05
"SRS018505.SRX019639" 0.949221376396203 0.0400124114697533 0.000101352751261833 0.010119974922613 0.000110655315097463 0.000100501691021579 0.000333727454050216
"SRS013249.SRX019639" 0.9427316857105 0.0491501290696137 0.00248964411291612 0.00037528179047988 0.00491656904717437 0.000163217753857281 0.000173472515458447
"SRS018208.SRX019639" 0.948712208092986 0.0509157123571232 6.36918296639449e-05 6.60575455322119e-05 6.36755721742976e-05 0.000107991559887776 7.06630426321102e-05
"SRS017663.SRX019636" 0.966650883190717 0.0194127791768529 0.00598758858916074 7.77504271162931e-05 0.00774173717297988 5.83969909520848e-05 7.08644522208427e-05
"SRS024588.SRX019639" 0.945690976749253 0.0538392185492503 9.27487682929057e-05 9.53831398432784e-05 9.59524825443603e-05 9.25833123035061e-05 9.31369985124297e-05
"SRS024584.SRX019639" 0.935992188198125 0.063621964320663 7.68865777218651e-05 7.84734824912649e-05 7.79768681824567e-05 7.61785992364267e-05 7.63319535795474e-05
"SRS013243.SRX019639" 0.982353088021476 0.0172377088407274 8.05755098409644e-05 8.41572416358134e-05 8.31723329250796e-05 8.04807390018722e-05 8.08173143929104e-05
"SRS020026.SRX019636" 6.30310615884528e-05 6.90735473828693e-05 0.114916691201111 0.236870638364831 0.000376419024805379 5.48007932783931e-05 0.647649346007003
"SRS045289.SRX019682" 0.100885070130074 0.898736805353947 7.49066314965385e-05 7.73087455429433e-05 7.55237989177534e-05 7.48058801315858e-05 7.55794598900738e-05
"SRS047584.SRX019682" 0.0940178879669163 0.905422053389429 0.000110951044442332 0.000115785071064063 0.000110872521062527 0.000110812753744349 0.000111637253341286
"SRS056264.SRX019682" 0.71999010214357 0.275819396615498 8.23485031443633e-05 9.05326877267057e-05 0.00385213034774883 8.24130838164697e-05 8.30766184955303e-05
"SRS018159.SRX019682" 0.000115695885805144 0.999596485434891 5.73235768766053e-05 5.81195734193584e-05 5.752758231016e-05 5.72975777451319e-05 5.75503689524532e-05
"SRS024050.SRX019681" 0.994709789105383 0.00471341145532642 0.000113316756443711 0.000113623350638626 0.000122576098206417 0.000113192296625589 0.000114090937375887
"SRS016936.SRX019681" 0.805429852790418 0.182752504640309 0.000933278431938659 0.000160296908291089 0.00960646244637766 0.000116164021138042 0.00100144076152687
"SRS024058.SRX019681" 0.0651001874916902 0.0216250058718239 0.794634706795205 0.110469692322316 0.00769371894773118 0.000180875204945626 0.000295813366288224
"SRS018009.SRX019639" 0.990086175004263 0.00957462075575626 6.76297980109023e-05 6.79873438375383e-05 6.79224569723407e-05 6.75996861982011e-05 6.80649549614716e-05
"SRS013252.SRX019639" 0.0382776964456348 0.961094647226806 7.79681734675095e-05 8.01651253444676e-05 7.82133598094095e-05 7.81360726034784e-05 0.000313173596334244
"SRS017772.SRX019639" 0.580348673501861 0.413296490330984 0.000102193531846166 0.000108484440654372 0.00592943441086377 0.000103599357917844 0.000111124425872692
"SRS017780.SRX019639" 0.936115925183761 0.0635140526302816 7.10228471428236e-05 8.21935916048977e-05 7.42750456130571e-05 7.08926242924446e-05 7.16380773039978e-05
"SRS016343.SRX019682" 0.985180367401567 0.0132736416121761 6.93916636648415e-05 7.00285042878835e-05 7.34517860264215e-05 6.96308963854447e-05 0.00126348813589192
"SRS016712.SRX019682" 0.996576162929178 0.00316840804191199 5.09486601587653e-05 5.13136316556133e-05 5.10979314154743e-05 5.08966510926061e-05 5.1172154587448e-05
"SRS053366.SRX019682" 0.986135050824458 0.0135549095716219 6.09993558271972e-05 6.22435069187654e-05 6.13568578513021e-05 6.0927495970682e-05 6.45123873526969e-05
"SRS016358.SRX019682" 0.99702237963673 0.00191870981504325 6.41536537023794e-05 6.43850113231766e-05 0.000755037699556565 6.31459805961024e-05 0.000112188203048426
"SRS018005.SRX019639" 0.906742333606258 0.0928688006396325 7.03238181721223e-05 7.12367885937905e-05 7.61204247070312e-05 9.56005505822179e-05 7.55841720545646e-05
"SRS018155.SRX019682" 0.966256915526894 0.0323630994782468 9.13043828967389e-05 9.31780962196379e-05 0.000102752424739235 9.1268579785744e-05 0.00100148151121826
"SRS017721.SRX019682" 0.961021408118613 0.0381508461240313 6.01996132166607e-05 6.19540506217366e-05 6.26080082564255e-05 5.95767180197919e-05 0.000583407367240585
"SRS023758.SRX019681" 0.24624761079306 0.752597943766432 9.64500823605736e-05 0.000104002528738113 0.000763243366044992 9.53540104128888e-05 9.53954529518384e-05
"SRS024054.SRX019681" 0.227413715518928 0.772007239117496 0.000107311170663392 0.000116418724107167 0.000109964438577474 0.000116038749001614 0.000129312281227298
"SRS023989.SRX019681" 0.697718955995009 0.300948602453234 0.000113574090748952 0.000117629312339282 0.000871782165450559 0.000113981171214949 0.000115474812002427
"SRS016714.SRX019682" 0.975891961561055 0.0238491175379221 5.11316591035708e-05 5.35461659100702e-05 5.11454315147466e-05 5.10569762971817e-05 5.20406681975138e-05
"SRS016940.SRX019681" 0.0121931786352147 0.985409333260781 0.000104766348003396 0.000899635680616164 0.00083508789364455 0.000105263258533118 0.000452734923207597
"SRS047634.SRX019682" 0.0109717467578201 0.988217917001444 0.000536877847052328 7.05694141474712e-05 6.86010101888468e-05 6.68571360877042e-05 6.74308332598454e-05
"SRS020429.SRX019682" 0.851320595270789 0.146383717837181 6.68793455356398e-05 6.78941517511878e-05 0.00196949931125347 0.000115206745122958 7.62073383671513e-05
"SRS023995.SRX019681" 0.0616132820302645 0.937050515768957 0.000110635583780322 0.000113706845899664 0.000890267150466042 0.000110454177998615 0.000111138442634558
"SRS044299.SRX019681" 0.45504566784658 0.544196964863672 0.000141162036769864 0.000142698819331058 0.000158604116834136 0.000141472630951184 0.000173429685862257
"SRS016361.SRX019682" 0.134872646161129 0.864776356120215 6.99151641629719e-05 7.13497182605859e-05 6.97997532365612e-05 6.9805177720218e-05 7.01279052761215e-05
"SRS017715.SRX019682" 0.943205541673691 0.0365936727828757 0.000947862962620102 6.67306259893156e-05 0.0190596914229415 6.31288769645799e-05 6.33716549170052e-05
"SRS013195.SRX019681" 0.883640170822293 0.114193509822483 0.000113650271579424 0.000115397505694927 0.000907595841083634 0.000113446152783499 0.000916229584082499
"SRS024048.SRX019681" 0.822470441605225 0.17576863555135 0.000145527316349784 0.000152346188125944 0.000146880815913114 0.000145326749309177 0.00117084177372745
"SRS018141.SRX019682" 0.855076367988557 0.144540246161669 7.52043141061908e-05 7.6545273563028e-05 7.57570645088604e-05 7.47933100136079e-05 8.10858875822057e-05
"SRS020439.SRX019682" 0.12457048944228 0.857707713099804 0.000578907385750464 0.00158368485276092 0.0130761640616714 0.000314424201688832 0.00216861695604439
"SRS018151.SRX019682" 0.999432487292447 0.000199715532782201 7.33939643870233e-05 7.42515450000667e-05 7.33520709127279e-05 7.33481723248927e-05 7.34514221461394e-05
"SRS020433.SRX019682" 0.180981322678097 0.817086676815614 9.17944163224695e-05 9.37530546554048e-05 9.46689233387819e-05 9.54092286223058e-05 0.00155637488335054
"SRS013185.SRX019681" 0.722218802382971 0.271280481514898 0.000126894348713705 0.00013176295689611 0.00107859615723553 0.000128184103416069 0.00503527853586982
"SRS050826.SRX019682" 0.941107027111062 0.0559509039324429 6.16194181835123e-05 0.00180792900424205 0.000928240907804501 6.11831208401685e-05 8.30965054250778e-05
"SRS023768.SRX019681" 0.0106400608850863 0.00372085901120609 0.975047836530475 0.000232293747276318 0.000126578227163181 0.000127012478788867 0.0101053591200045
"SRS023742.SRX019681" 0.915679824564994 0.0821678700068455 0.000211762097776274 0.000485596841539026 0.000221939574512002 0.000996598539177035 0.000236408375156243
"SRS016720.SRX019682" 0.322487366632186 0.677166174853424 5.63762966155749e-05 6.08765396654302e-05 0.000104681503122492 5.7877470885236e-05 6.66467041016177e-05
"SRS020443.SRX019682" 0.00107594595862751 0.000976854747461776 0.982110051119194 0.00228861288276318 0.00784859026992205 6.89632510405771e-05 0.00563098177099122
"SRS023987.SRX019681" 0.954765673861331 0.0433314078998414 0.000785260009887474 0.000117089439772615 0.000800674397982672 9.98491481164425e-05 0.000100045243068569
"SRS023756.SRX019681" 0.929274193740427 0.0693253707208625 0.000818742726339207 0.000129410518542686 0.000109575329458068 0.000239497713179877 0.000103209251191186
"SRS018157.SRX019682" 0.000173587721947935 0.999553990065258 5.4246801764802e-05 5.51205976211454e-05 5.4426927256347e-05 5.42453435090475e-05 5.43825426423353e-05
"SRS020421.SRX019682" 0.860657688299915 0.116768842036441 0.000479094958720645 6.7447079345864e-05 0.0219036006568805 5.99466126370327e-05 6.3380356060523e-05
"SRS052103.SRX019681" 0.774738045122587 0.223916660635199 0.000111050404862298 0.000111935876772141 0.000893083275637599 0.000111464520765378 0.000117760164176907
"SRS020435.SRX019682" 0.95848535603686 0.0277684955754654 6.6092031656469e-05 6.65794200779071e-05 0.0121735537319912 6.60141865080875e-05 0.00137390901744086
"SRS024052.SRX019681" 0.252391540132491 0.746959954198081 0.000129254625760045 0.000131223174089264 0.000129650131908621 0.000129095246907046 0.000129282490763125
"SRS016364.SRX019682" 0.0881757339047949 0.910622854293791 9.49789534747515e-05 0.000536259789842673 5.75097899663587e-05 0.000455298936980457 5.73643311497011e-05
"SRS058746.SRX019681" 0.0829984029732412 0.916409144837317 0.000116705240805783 0.000119263054299713 0.000122897820871368 0.000116579850214192 0.000117006223250402
"SRS016932.SRX019681" 0.74840231813588 0.239793338071997 0.000130040171611049 0.00109061499314142 0.00935034518000519 0.00102638065261743 0.000206962794748311
"SRS055625.SRX019682" 0.00239158344544359 0.997039477477861 8.26316653335374e-05 0.000230305074465561 8.39280036785429e-05 8.26397694267437e-05 8.94345637908293e-05
"SRS052522.SRX019682" 0.977139161218808 0.0225333368736082 6.53584645641945e-05 6.60769817696272e-05 6.53579949051525e-05 6.53198499878831e-05 6.5388616357141e-05
"SRS016716.SRX019682" 0.925127932998075 0.0742180361339038 0.00010203749088586 0.000253447517600688 9.29560167180813e-05 9.2975348022101e-05 0.000112614494794889
"SRS054588.SRX019682" 0.961304432296807 0.037602411233767 4.196207812658e-05 4.28877096748278e-05 0.000922467201579458 4.19495535721268e-05 4.38899264730161e-05
"SRS055686.SRX019681" 0.883815045740065 0.114340987018476 0.000150306647847219 0.000152854509496771 0.00124033994827786 0.000150094054284865 0.000150372081552717
"SRS016724.SRX019682" 0.162774959808325 0.83685560524082 7.358542070007e-05 7.50419771767636e-05 7.36322532051679e-05 7.35204403008343e-05 7.36548594719633e-05
"SRS016722.SRX019682" 0.975106155888187 0.0244920302604232 7.96097714028489e-05 8.2160396804269e-05 7.98885076845692e-05 7.94821697519843e-05 8.06730057464783e-05
"SRS013201.SRX019681" 0.0324419846520513 0.967039539358657 0.00010342146665325 0.000104640809376514 0.000103505762819024 0.000103289586881647 0.000103618363561224
"SRS013203.SRX019681" 0.0038766737402543 0.995428935514859 0.000136672369899999 0.000138894734580642 0.000140676087353662 0.000137377475676005 0.00014077007737678
"SRS016708.SRX019682" 0.701226011100459 0.29790934665959 0.000165651304009145 0.000199557840585307 0.000167923323835215 0.000165158915747714 0.000166350855772903
"SRS016379.SRX019682" 0.0257546939021647 0.00244048737965391 0.17049133369227 0.284943391572901 0.00635246351590554 8.71748043014553e-05 0.509930455132804
"SRS016352.SRX019682" 0.999400766555314 0.000357020049761777 4.76192318433453e-05 4.84557735044591e-05 5.11670668909104e-05 4.74052311879562e-05 4.75660914978916e-05
"SRS057692.SRX019682" 0.959978957607245 0.0391023747765607 9.4179350247682e-05 0.000548410128449309 7.21003776354094e-05 7.72837245149254e-05 0.000126694035346848
"SRS016349.SRX019682" 0.906628520155402 0.0884469940666726 7.47393168191882e-05 0.00110517586262589 0.00299428918463822 7.42771530659204e-05 0.000676004260776025
"SRS018149.SRX019682" 0.982418579937166 0.0165157608477585 0.000839671709619872 5.81960612387585e-05 5.59105480968663e-05 5.59211095858641e-05 5.59597865340965e-05
"SRS048653.SRX019681" 0.785867612666104 0.213466036511446 0.000131405236276071 0.000134527160676236 0.000137769462905381 0.000131218007880229 0.000131430954711839
"SRS024044.SRX019681" 0.954950701823217 0.044490444892234 0.000110445726902511 0.000113119476636307 0.000114714366404394 0.000110178955136518 0.000110394759469733
"SRS016942.SRX019681" 0.00214356040773611 0.996604955508775 0.000106639951843546 0.00083160947945958 0.000105645837524126 0.000102381466673814 0.00010520734798821
"SRS016718.SRX019682" 0.99304278109083 0.00665897332322705 5.93441740068918e-05 6.03853405016298e-05 5.98125811685957e-05 5.93151365601202e-05 5.93883537061208e-05
"SRS023760.SRX019681" 0.231487677795072 0.767976585438423 0.000106926937303279 0.000107962780130713 0.000106905799634892 0.00010680565938622 0.000107135590049273
"SRS058175.SRX019681" 0.881752977218494 0.1171674237388 0.000215623186600874 0.000217834000047853 0.000215277236252059 0.000215203513303374 0.000215661106501515
"SRS017709.SRX019682" 0.42099227346802 0.537223999741014 0.000574616978228628 8.06707065708173e-05 0.0409844399040674 7.18982677336545e-05 7.21009343653847e-05
"SRS017713.SRX019682" 0.98742994535181 0.0122275183378803 5.79511222315938e-05 5.82585575126001e-05 5.83129360513499e-05 5.7839104809033e-05 0.00011017458970552
"SRS016449.SRX019681" 0.739473989490463 0.250285848603506 0.000105788235823287 0.000105110584724368 0.0098201705617648 0.000103820833996573 0.000105271689721967
"SRS016934.SRX019681" 0.971344561089913 0.0253784939409038 9.97355992377586e-05 0.000104551024000399 0.00287409081780105 9.91403585102219e-05 9.94271696346807e-05
"SRS016726.SRX019682" 0.315156947329004 0.684402506581102 8.76383843675342e-05 8.98527385949618e-05 8.74734941862882e-05 8.74763545417481e-05 8.81051182038026e-05
"SRS020437.SRX019682" 0.00308338166158748 0.99315752951737 0.000522027906209548 7.09511696934186e-05 0.00115130379881454 6.56344964113932e-05 0.00194917144991351
"SRS017717.SRX019682" 0.869711492729026 0.12732711627252 6.52805178741338e-05 7.1594268284512e-05 0.00269489377472811 6.45174468224974e-05 6.51049907445183e-05
"SRS054616.SRX019681" 0.768926683290015 0.230299613336221 0.000146666703033645 0.000149208512504684 0.00018458496204564 0.000146527214660145 0.000146715981519732
"SRS017719.SRX019682" 0.998417034205072 0.0012084262644181 7.47027078466714e-05 7.59763045255391e-05 7.46033967014172e-05 7.46248675337122e-05 7.46322539023006e-05
"SRS016930.SRX019681" 0.916236304607698 0.070185991019901 0.000227036573499 0.000238580593531747 0.0126649190957962 0.000215859677157142 0.000231308432416803
"SRS043898.SRX019681" 0.0303271202203059 0.969033882817653 0.00012699926501593 0.000129533068015795 0.000128463808465877 0.000126911127919432 0.000127089692624431
"SRS016337.SRX019682" 0.979824754249691 0.0186108591763916 6.84652646801426e-05 8.63330540861409e-05 0.00090928092160812 5.57437460626684e-05 0.000444563587480108
"SRS058182.SRX019682" 0.00364496740383955 0.00186809886969156 0.682162984779512 0.311157135687269 6.05617066988471e-05 6.1034636168691e-05 0.00104521691682091
"SRS023629.SRX019683" 0.0300157092962893 0.969355450952585 0.000123827424634176 0.000125659454677918 0.000125120996394101 0.000125127523917689 0.000129104351501703
"SRS017418.SRX019683" 0.0177074174797352 0.97424508756634 0.00227243456998709 0.00498957372856824 0.00010945379616134 0.000569214948685175 0.000106817910522775
"SRS018445.SRX019684" 0.99435279564568 0.0050759302055996 0.000379673655764935 4.8579394758497e-05 4.74030167064547e-05 4.74157508444432e-05 4.82023306461265e-05
"SRS017667.SRX019683" 0.0360556057578292 0.963515765474053 8.09794026712525e-05 8.31504305456802e-05 9.80690120620634e-05 8.11318856073424e-05 8.52980372315304e-05
"SRS024468.SRX019684" 0.862360944515769 0.137186800090785 6.01424532940357e-05 0.0002452841536593 4.92993919063405e-05 4.86144268320914e-05 4.89149677544364e-05
"SRS020427.SRX019682" 0.962197960009231 0.0349134701034599 5.83592396004293e-05 6.39129246517755e-05 0.00223451377379903 6.00813161588821e-05 0.000471702633098664
"SRS023746.SRX019681" 0.997215302226879 0.00153234650653256 0.000832212745892427 0.000106706005091242 0.000104977345109064 0.000104162506760552 0.000104292663734926
"SRS023752.SRX019681" 0.999404911255067 0.000120045304829733 9.48821292348852e-05 9.59261552980649e-05 9.46995133306906e-05 9.47147568414594e-05 9.48208853981647e-05
"SRS016346.SRX019682" 0.990858071656067 0.0069312965208086 0.000428112711047482 5.48073498808931e-05 0.00161819402774189 5.33106719640953e-05 5.62070624895472e-05
"SRS024062.SRX019681" 0.467555398209364 0.127162752179143 0.228313116507728 0.0975971359224482 0.0773061155024825 0.00062910616545276 0.00143637551338195
"SRS017127.SRX019684" 0.991646877143553 0.00758208970329729 3.99914610365449e-05 4.13478437405694e-05 0.000610438399947922 3.95193313995452e-05 3.97361170254417e-05
"SRS024355.SRX019684" 0.0259780914567569 0.973642111468777 4.90767116717091e-05 4.86802831611203e-05 4.9956431705603e-05 4.82451496569853e-05 0.000183838498270677
"SRS017665.SRX019683" 0.000348787052821588 0.998013061952999 0.000657130958709246 9.05146028212884e-05 0.000721736453051123 8.22983485394822e-05 8.64706310580558e-05
"SRS020249.SRX019683" 0.746906560476389 0.250186075400296 0.000579777345548868 7.34321729207698e-05 0.00210912727776914 7.2323930677824e-05 7.2703396399054e-05
"SRS017410.SRX019683" 0.948164924889538 0.050838364922009 8.28907969272089e-05 8.39647601017074e-05 0.000663893200078284 8.27884462658627e-05 8.31729850796264e-05
"SRS024367.SRX019684" 0.02487828738168 0.0309625829087558 0.242274735743923 0.362645956392284 0.000149287706433849 0.000118854328217944 0.338970295538705
"SRS013506.SRX019683" 0.820133474648996 0.175084592183169 0.000102741383966468 0.000119286565002496 0.00435383444085619 0.000101820928145538 0.000104249849864423
"SRS013825.SRX019684" 0.917085043148139 0.0743825022424416 0.000572386322753135 4.72154826188327e-05 0.0078223291554744 4.49862025068636e-05 4.55374460659811e-05
"SRS013498.SRX019683" 0.698994197282059 0.279357794959895 8.01513911671315e-05 8.3029712339302e-05 0.0213292231498891 7.68440295154463e-05 7.87594751351469e-05
"SRS017420.SRX019683" 0.050606198496038 0.948592519623873 6.65202181759552e-05 6.78311416897349e-05 0.000534017675984241 6.63689859519694e-05 6.65438582873214e-05
"SRS020016.SRX019683" 0.0034499419189269 0.995627102250297 7.14925162196317e-05 7.63218424724121e-05 0.000627320469596165 7.2448842556441e-05 7.53721599315766e-05
"SRS017408.SRX019683" 0.987225631788825 0.0111394573264214 8.16002504464454e-05 0.000186974338753741 0.00120259344855135 8.04889348874318e-05 8.32539121150559e-05
"SRS024592.SRX019639" 0.00386004679627962 0.995709107086636 8.50400147747385e-05 8.69076145420306e-05 8.81547402131187e-05 8.5056868849356e-05 8.5686878705023e-05
"SRS020257.SRX019683" 0.0451740078506628 0.954564713981339 5.2150114233096e-05 5.24804034022638e-05 5.23261225489938e-05 5.2110776782822e-05 5.22107510315808e-05
"SRS020004.SRX019683" 0.96580053083459 0.0220733452707293 6.21163220415155e-05 6.45143093520326e-05 0.0118753322761023 6.19184586287168e-05 6.22425285567148e-05
"SRS017529.SRX019683" 0.713108724140306 0.28361986864336 0.000983549851580862 0.000113286211412057 0.00200529186162111 7.43269962621917e-05 9.4952295457105e-05
"SRS055687.SRX019685" 0.00848367087793215 0.990525025553097 5.42123058650124e-05 5.73849389487427e-05 0.000771001094103187 5.40951347557562e-05 5.46100952978759e-05
"SRS023613.SRX019683" 0.540183738974793 0.459389038486151 7.36778579462762e-05 8.42791461701196e-05 0.000121366847152052 7.33932517056413e-05 7.45054360813721e-05
"SRS020008.SRX019683" 0.997437907934221 0.00227270414252178 5.77196706461074e-05 5.87209511856967e-05 5.76179992426692e-05 5.75959288095077e-05 5.77333733732227e-05
"SRS023625.SRX019683" 0.967814554833723 0.0317422625522965 8.73082219864701e-05 8.82429662186328e-05 9.05299969582146e-05 8.83042188805424e-05 8.8797209936796e-05
"SRS024363.SRX019684" 0.0891215989345635 0.0454880553131257 0.680881559104862 0.117769438098816 0.0450563036056006 0.0209803409644999 0.000702703978532721
"SRS024351.SRX019684" 0.913342616114149 0.0850177836646565 0.000742302149696588 5.1101224550543e-05 0.000744455751097343 4.94721299618415e-05 5.22689658882839e-05
