"1" "2" "3" "4" "5" "6" "7"
"SRS015127.SRX020547" 0.461042596219425 0.200873393703163 0.227538832394325 0.00338399301468388 0.000158581988946063 0.000148617506908645 0.106853985172548
"SRS015127.SRX020557" 0.44660220973053 0.232800134399995 0.240673838053982 0.000114372209127482 0.000126976391204568 0.000256753248644709 0.0794257159665161
"SRS043704.SRX020690" 0.000251718268182195 0.0195645993773232 0.0657021759769766 0.806363277677429 0.0387524840441995 0.000207482668376401 0.0691582619875134
"SRS049355.SRX020682" 0.000442754608063585 0.0439913938629396 0.000346759780791445 0.746361148068822 0.0459448757202347 0.00515577145053546 0.157757296508614
"SRS042320.SRX020665" 0.00228824197132408 0.0171859810152973 0.000730398502846583 0.000249351821096458 0.000196554631245809 0.979092978513729 0.000256493544460981
"SRS019556.SRX020561" 0.0889775633748048 0.129082622618241 0.128353282025318 0.422637233280231 0.000162548295022398 0.0187137723627587 0.212072978043624
"SRS015198.SRX020561" 0.000314178721436963 0.0985401846365081 0.00027532929177694 0.0747877958149146 0.000232913299552669 0.0575359496055171 0.768313648630294
"SRS019679.SRX020561" 0.00029163664166327 0.0914910872596893 0.000309028472372243 0.305435041778689 0.0273138193598391 0.000261980307404746 0.574897406180343
"SRS015139.SRX020561" 0.000375652337897685 0.000396879957320812 0.000367338364341255 0.0338338400049616 0.00055977046504627 0.000353680228700033 0.964112838641733
"SRS015805.SRX020562" 0.000408376299523833 0.0204500830061683 0.017624363577831 0.662312694152561 0.0109339193064931 0.0129058146516151 0.275364749005808
"SRS019552.SRX020547" 0.000976208241068522 0.00657208053996262 0.0571383626227412 0.763140772913476 0.000306710052426151 0.000347350759705809 0.171518514870619
"SRS019552.SRX020529" 0.00456866324020784 0.0968666765566211 0.0623578016663526 0.793844776253313 0.000268243065440622 0.00734790492994977 0.0347459342881155
"SRS015192.SRX020529" 0.000757288609481693 0.171632642278102 0.0394937873207948 0.664663421727299 0.000189699625623279 0.00024310103813074 0.123020059400569
"SRS049891.SRX020533" 0.000361931854755969 0.258182447614332 0.0697776892826315 0.566160162534001 0.000167190426068754 0.000175182255110177 0.105175396033101
"SRS065615.SRX020579" 0.0218841722755824 0.132671729279578 0.0426437093893375 0.676122296413705 0.00444748567568401 0.00241560493513019 0.119815002030983
"SRS053714.SRX020518" 0.0165615767266982 0.0520735546488514 0.0304276013817357 0.0405796790986064 0.122918155393953 0.736146717309952 0.00129271544020323
"SRS050472.SRX020518" 0.0624850884829242 0.0286067046720409 0.00748310363170082 0.110178384694151 0.0133468435921604 0.739545144990631 0.0383547299363917
"SRS023019.SRX020682" 0.0328274379990393 0.214677403646532 0.108534322123423 0.460740574547105 0.0338695351814443 0.0303985854264541 0.118952141076002
"SRS024545.SRX020682" 0.00401234848472221 0.0188338209883227 0.000218738846173058 0.576304217082611 0.0218023915969239 0.00400078021347639 0.374827702787771
"SRS042602.SRX020690" 0.0558881347949868 0.0823593287895989 0.000265156344145812 0.551921478030424 0.221288586617222 0.000363984112795492 0.0879133313108271
"SRS063268.SRX020548" 0.0970613373953093 0.0095958330578578 0.000548543632384981 0.36823923289172 0.0277189947263746 0.2436257887386 0.253210269557754
"SRS015011.SRX020535" 0.0166950411342349 0.000461842084059166 0.000428557214601569 0.00421103794223056 0.0412279104539415 0.842694648066419 0.0942809631045128
"SRS042360.SRX021470" 0.043275805892514 0.174677472922637 0.0273039578456513 0.190875691191235 0.130413504058082 0.052219822952384 0.381233745137497
"SRS065711.SRX022229" 0.0348463590993636 0.164229229408996 0.0166339897863701 0.241264024855329 0.188174461759042 0.0463478116657396 0.308504123425158
"SRS044937.SRX022234" 0.0350099973000049 0.213088546112909 0.192381836199948 0.33829133870559 0.170600112314157 0.0482301613004283 0.00239800806696257
"SRS021762.SRX022231" 0.0295384491927148 0.00868532756391163 0.000542621238297311 0.0319777411018231 0.0004122034451091 0.926750107838905 0.00209354961923863
"SRS024365.SRX019684" 0.0206206717666784 0.0136589925200553 0.0412374093412066 0.616665850816574 0.1310655774298 0.00772262963308478 0.169028868492601
"SRS024343.SRX019684" 0.827650627279904 0.0961328483739808 0.0690887205821113 0.000162807612795721 0.00251726858819753 0.000126774553534736 0.00432095300947626
"SRS020539.SRX019684" 0.924435640167457 0.074412356349129 0.000516190443112731 0.000147927384057394 0.000153747687020493 0.000146752132612477 0.000187385836610647
"SRS020881.SRX019691" 0.832580452252617 0.15931228976927 0.00748996532538272 0.000171060962280413 0.000146445048431936 0.000143410371378431 0.000156376270639775
"SRS020895.SRX019691" 0.0287335292750091 0.234086794256463 0.705585161209483 0.00031334061949164 0.000143674349993773 0.000281089679561919 0.0308564106099979
"SRS016880.SRX019692" 0.01280509348941 0.00281697929059364 0.981812539118314 0.00214020444631586 0.00013158459661419 0.000132616566413163 0.000160982492338919
"SRS015031.SRX020535" 0.845460422181438 0.0995413357168672 0.0122587968061628 0.000175237402082133 0.000303486408720305 0.000173842257537904 0.0420868792271913
"SRS015568.SRX020535" 0.216348543736477 0.131657350927578 0.581204618417282 0.000200520235726431 0.000635360736319134 0.000176272960715258 0.069777332985902
"SRS016233.SRX020522" 0.856309340441499 0.128103313226219 0.0142708204058975 0.000137638841874158 0.000140877977438288 0.000885284091485318 0.000152725015587159
"SRS011589.SRX020669" 0.831801119833959 0.16139992379871 0.00598175660560468 0.000160645377677277 0.000253679945007176 0.000186947905926659 0.000215926533115021
"SRS063236.SRX020665" 0.896258456642849 0.0678911441692109 0.0312641733774432 0.000164967110997819 0.00417728143440126 0.000103643970146814 0.000140333294950459
"SRS043574.SRX020563" 0.964706922398423 0.0296957313357168 0.00484754442655679 0.000183019290933284 0.00021135741259496 0.000120584264613946 0.000234840871161583
"SRS015872.SRX020529" 0.330531577520445 0.647483245723886 0.000387585963516417 0.0128967001574822 0.00597817667792606 0.0024284930585721 0.000294220898172043
"SRS063514.SRX020579" 0.858176322243174 0.128592187274896 0.00820295874830127 0.000122543058186362 0.00459917192265309 0.000173947376753482 0.000132869376035643
"SRS064811.SRX020579" 0.938729607917646 0.0201962281962088 0.0377608142594306 0.000116200445699709 0.000129086944027029 0.00289786614710642 0.000170196089881345
"SRS045871.SRX020563" 0.936830316142531 0.054768571700318 0.00613247911325784 0.00163918702517102 0.000129585657134985 0.000387586158202481 0.000112274203384772
"SRS023003.SRX020682" 0.6588324161149 0.0838969200746541 0.255312547665705 0.00164683679607132 0.000103565462783903 8.41336076733846e-05 0.000123580278211744
"SRS047494.SRX020687" 0.767552411400832 0.220808042849228 0.00767241228494533 0.00323895732386315 0.00032587848026303 0.000157840788886438 0.000244456871982031
"SRS015182.SRX020558" 0.810681191820633 0.0722352381574958 0.116033258238787 0.000136380855562676 0.000122056477126222 0.000113352562295084 0.000678521888100088
"SRS048103.SRX022221" 0.139730532590715 0.023064321770055 0.836686603200418 9.7043926800132e-05 0.000166294336213584 0.000104827553687538 0.000150376622110428
"SRS023316.SRX022223" 0.626742329101461 0.233630851830716 0.137457731745085 0.00139424199311626 0.000140595420746411 0.000165019849144907 0.000469230059730323
"SRS023250.SRX022229" 0.264158944632947 0.317099343455776 0.400975141494117 0.000305919408178051 0.00782180655325839 0.000171747654437706 0.00946709680128624
"SRS054762.SRX022236" 0.408852559869159 0.327344569273308 0.180316654457477 0.00149212928230107 0.045325588776506 8.08595125841052e-05 0.0365876388286651
"700014744.V35.241810" 0.772204214206542 0.0177476886579494 0.199840476693522 0.00015353636405203 0.00219393582780781 0.00753723181384577 0.000322916436280481
"SRS015184.SRX020558" 0.884948210832243 0.0681480269008888 0.0423412432851941 0.00123999455231784 0.00144554544378717 0.000102665150224641 0.00177431383534429
"SRS018555.SRX020529" 0.000309881012630607 0.000287944984183771 0.000266151269092822 0.334786944333963 0.000558827633033023 0.0750022511040162 0.58878799966308
"SRS055187.SRX020687" 0.0344939059708874 0.00162503367362605 0.0138388075266556 0.873738173108908 0.000389343887161736 0.0181027247542552 0.0578120110785062
"700014999.V35.241686" 0.000450365186063961 0.000341239572417594 0.0193782521435749 0.634560838437046 0.265938906038929 0.0249823049668144 0.0543480936551547
"700033491.V35.241795" 0.058210303088054 0.000845070221523727 0.0094938323256243 0.795950209886868 0.0670894420281721 0.000435326098781848 0.0679758163509758
"SRS018068.SRX019682" 0.000458776982121039 0.0277826749095345 0.000294525239506973 0.00438859558635995 0.966585907898467 0.00024431854130629 0.000245200842704326
"SRS062847.SRX020579" 0.000244368557259855 0.00312195090649384 0.00697026363638557 0.000129842131422746 0.985053478906573 0.000218180182073587 0.00426191567979143
"SRS056854.SRX020684" 0.000580962966124664 0.0430970949797317 0.000350819242118609 0.0294710770723418 0.287967160960087 0.635570893301822 0.00296199147777428
"SRS050141.SRX020688" 0.000166593004313691 0.000106747160304786 0.000122554049571973 0.000111405210332477 0.993897145613901 0.0054512223987283 0.000144332562848277
"700015415.V35.241712" 0.0274296864398479 0.000170789987669154 0.000144408285957531 0.000120627024123065 0.97182944115864 0.000147945307909571 0.000157101795853231
"700014390.V35.241827" 9.31741396824983e-05 8.30308823676774e-05 8.23625420234147e-05 8.38806384902275e-05 0.997117405100589 0.00242645298851848 0.000113693708328484
"SRS043187.SRX020686" 0.00218200385636058 0.0536198424288228 0.0856993652412277 0.643234566775428 0.000266720916153771 0.0931080454040455 0.121889455377962
"SRS045482.SRX020686" 0.0135140541771786 0.043677596820616 0.0265028640373532 0.827281412277869 0.000365494686126519 0.0606178973386949 0.0280406806621623
"SRS045403.SRX020690" 0.0752062928415062 0.0935243851878968 0.0702307021841963 0.328456358953048 0.294398725334284 0.00961507258370998 0.128568462915358
"SRS014978.SRX020576" 0.0120285405701545 0.00271887182664994 0.000556843719251346 0.000135999797151605 0.982380373532375 0.00198775452090764 0.000191616033509322
"SRS020233.SRX019683" 0.00125759884578273 0.000819691394667087 0.00011441940787932 0.000824578368730556 0.996732096708035 0.000119051532411311 0.000132563742494073
"SRS014923.SRX020555" 0.00213175701834062 0.000279216784881321 0.000188117894065923 0.000108093474592179 0.997039948532354 0.000103735331048957 0.00014913096471674
"SRS019582.SRX020560" 0.0110826794643596 0.000186761919750282 0.0122964736049926 0.000249869588131663 0.976000191449215 8.85096394113102e-05 9.55143341399581e-05
"700014561.V35.241810" 0.000217631113428469 0.00247010904743111 0.000167523056376779 0.000121215046316078 0.99677293924279 0.000119075885148524 0.000131506608508698
"SRS019498.SRX020529" 0.125115679381795 0.265088641584408 0.0294605563061773 0.348346721917029 0.000404641099633208 0.0392126673388736 0.192371092372084
"SRS047424.SRX020533" 0.000558663851620996 0.0121973297212627 0.00336451489146316 0.0564475883826609 0.000506082573962689 0.807620178732729 0.119305641846301
"SRS017663.SRX019635" 0.134652715507346 0.533688118055481 0.151969934056806 0.0249362209804857 0.0842660995760733 0.00137193997965829 0.0691149718441505
"SRS023617.SRX019635" 0.880044398634382 0.0592071909898874 0.0584958898793695 0.000755156299248789 0.00113940317665572 0.000157847647100361 0.000200113373356462
"SRS017653.SRX019635" 0.397636098988836 0.21469961120019 0.283596548646684 0.000243659764121498 0.0242304406570427 0.00343063129028201 0.0761630094528433
"SRS016529.SRX019635" 0.544510836629796 0.444244847541466 0.00194079449739475 0.000197058479565013 0.000188712963876265 0.000188865628660525 0.00872888425924154
"SRS020245.SRX019635" 0.896376914701423 0.0500024528452129 0.052915487990173 0.000154782336786106 0.00013938210200373 0.000179551393203482 0.000231428631198332
"SRS020002.SRX019635" 0.872384806218195 0.0983256663655492 0.0285736055682643 0.000168554681058586 0.000163239538962769 0.000162073449352778 0.000222054178616604
"SRS020267.SRX019636" 0.0106599298630329 0.00178465899713828 0.451231951258902 0.483241190878415 0.0512042281441702 0.000448992839210337 0.00142904801913204
"SRS017549.SRX019635" 0.000390841412104408 0.156330432667552 0.144029422701279 0.375646506860294 0.0120560720094424 0.103953052375427 0.207593671973901
"SRS020263.SRX019636" 0.000689846397821212 0.000576237201498536 0.134106534456573 0.863340957670935 0.000622024150817927 0.000346452612222675 0.000317947510131781
"SRS024410.SRX019635" 0.408143654060983 0.544398691996346 0.0132099693636618 0.0168691372344608 0.00697749054294929 0.000200370603131534 0.010200686198467
"SRS017677.SRX019635" 0.00623301582196223 0.0144711652728196 0.00209048265311446 0.957751510294411 0.000299364335616447 0.000624169171395136 0.0185302924506814
"SRS024187.SRX019635" 0.00856337043487086 0.18192949554158 0.0277567240894678 0.780410050523985 0.000293948332114453 0.000260244003793205 0.000786167074189096
"SRS018088.SRX019635" 0.722396719469443 0.276175683372194 0.00056461705335334 0.000195987212474978 0.000175075659505973 0.000176397891602164 0.000315519341426551
"SRS017543.SRX019635" 0.739121449414748 0.252680703734062 0.000881825667362175 0.000200777686113505 0.000220723977836471 0.000183935956527018 0.00671058356335137
"SRS016529.SRX019636" 0.540198231634813 0.441543362327682 0.0165881874937028 0.000572815287560267 0.000207084052529521 0.000217068428810175 0.000673250774902577
"SRS017543.SRX019636" 0.745944792769582 0.234195157128993 0.000414083312778019 0.000304046086197158 0.000386701971015254 0.000187215238249265 0.0185680034931857
"SRS017533.SRX019635" 0.511641192475202 0.316105883916071 0.162372140572068 0.00747865729703988 0.000177420027364173 0.000145419762926359 0.00207928594932801
"SRS017549.SRX019636" 0.000524680766432813 0.111304827402006 0.212574119890556 0.392575337093219 0.0129646097737207 0.114955304816667 0.155101120257398
"SRS024187.SRX019636" 0.00655430029362006 0.205133062183067 0.0232284173935646 0.763771737186414 0.000450842003843494 0.000273832674547146 0.000587808264943673
"SRS013502.SRX019636" 0.676236590349156 0.306718525748587 0.000534345945140561 0.000241365887240927 0.0158175912887176 0.000161346669266037 0.000290234111892141
"SRS013683.SRX019635" 0.0118234981028161 0.0372461649200076 0.0676074675257309 0.547059293984182 0.000751125740543391 0.000227202702131931 0.335285247024588
"SRS020255.SRX019635" 0.793095238698232 0.183687480482637 0.0223778002480725 0.000206057434020998 0.000198906223308747 0.000201669511537676 0.000232847402190748
"SRS020267.SRX019635" 0.0272651717723772 0.0032055428543117 0.448209623770893 0.400757386715666 0.0209521946952659 0.000247171341533396 0.0993629088499536
"SRS024424.SRX019636" 0.0187046244981085 0.0523699954135499 0.00148948668903369 0.802729629146126 0.000269536937901679 0.0515780526552829 0.0728586746599968
"SRS017997.SRX019639" 0.00738924953581012 0.00118380633628893 0.00129404685079796 0.000574034683025002 0.973576304638581 0.000211686903308165 0.0157708710521884
"SRS017788.SRX019639" 0.0669289000183266 0.0527314933337753 0.87984170789793 0.000119073300864006 0.000126907145831938 0.000116849297458404 0.000135069005813986
"SRS018023.SRX019639" 0.117900392717386 0.0929865444080641 0.788140270249032 0.000169839473438731 0.000165779396031509 0.000443584802518807 0.000193588953528817
"SRS018198.SRX019639" 0.396729316196565 0.140856430888355 0.447133473133615 0.000139091163146533 0.000162991293922845 0.014719376336743 0.000259320987652149
"SRS013237.SRX019639" 0.570858885456141 0.286020710219538 0.0593503927877995 0.000274218917316141 0.0289115898305798 0.000403891976599006 0.0541803108120265
"SRS017653.SRX019636" 0.419814045779273 0.197317430332106 0.272774206451169 0.0121828177024289 0.0326857218323411 0.000184018359980994 0.0650417595427006
"SRS018507.SRX019639" 0.0906231260508121 0.907670112164686 0.000588167772370205 0.000249359145038147 0.000243153682810907 0.000356833092760485 0.000269248091521914
"SRS018515.SRX019639" 0.0568339573102001 0.000822717222966896 0.941718150345978 0.000152624822763638 0.000149559791529935 0.000150727348537871 0.000172263158023474
"SRS018214.SRX019639" 0.000809879280635824 0.354860416471674 0.643630467055654 0.000169533793054709 0.000162232368283177 0.000164302221630943 0.000203168809067185
"SRS013228.SRX019639" 0.843560096323145 0.000740414601764611 0.154635353528273 0.000170118951435023 0.000518469945100297 0.000159600754284442 0.00021594589599731
"SRS018204.SRX019639" 0.307691305373671 0.465811453218706 0.225779928650253 0.000164293125868264 0.000160493501130755 0.000173920742279739 0.000218605388090859
"SRS013683.SRX019636" 0.000467181158758951 0.0433471946173598 0.041869873056845 0.625824513036029 0.000356754954402249 0.000291447403174268 0.28784303577343
"SRS017533.SRX019636" 0.500627561392465 0.369149814455798 0.118618932220173 0.00674135906140949 0.00444056269470466 0.000154050686945136 0.000267719488505125
"SRS024582.SRX019639" 0.428553150097346 0.35860691611315 0.198809913998796 0.000203424807863227 0.00691144506404539 0.000181210480964267 0.00673393943783455
"SRS024594.SRX019639" 0.025699081388078 0.000403656020588886 0.969305825094888 0.000135336874374318 0.000161699551437356 0.00413299676647164 0.000161404304161754
"SRS018216.SRX019639" 0.000500575901549045 0.364468856337535 0.634323499822697 0.000165643298386549 0.000159605936649471 0.000164085175336167 0.000217733527846645
"SRS013234.SRX019639" 0.690409317294048 0.271662647269153 0.0368807506267383 0.000196234244026482 0.00035724302729199 0.000191631082196309 0.000302176456545591
"SRS013255.SRX019639" 0.102524442133136 0.0245266929028689 0.870435352964105 0.000162649437127577 0.000171624996502652 0.000135086057775192 0.00204415150848473
"SRS017782.SRX019639" 0.0143436949046432 0.651320685769978 0.333565007938533 0.000187723425540807 0.000180393241415905 0.000184455592694342 0.000218039127194735
"SRS017778.SRX019639" 0.401064819382246 0.424443794730579 0.13115468169434 0.000170669476980359 0.0070758471115547 0.000480881519559776 0.03560930608474
"SRS018021.SRX019639" 0.000838839436498905 0.297396179685623 0.700942297542314 0.00020462095161603 0.000170123743844701 0.00024897575073182 0.000198962889371309
"SRS020255.SRX019636" 0.743740699260171 0.246184808316899 0.0019488310126074 0.000275890450143962 0.00473867946882241 0.000385381894743297 0.00272570959661375
"SRS018513.SRX019639" 0.0463526927227205 0.00103546957762748 0.951853073134422 0.00020470721311561 0.000150873593485957 0.000152830948838803 0.000250352809789397
"SRS018505.SRX019639" 0.49403964085874 0.397025363846301 0.0736801268968208 0.000200587423262545 0.000185209712142271 0.000187943072817186 0.0346811281899167
"SRS018208.SRX019639" 0.15028973294921 0.611428364855669 0.233393946109136 0.00018007009195098 0.000177412487422028 0.0042796406855785 0.000250832821033684
"SRS017663.SRX019636" 0.0779601277593641 0.564510925053768 0.176306403245425 0.0134080545525304 0.0771962982398122 0.00124434214947121 0.089373848999629
"SRS024588.SRX019639" 0.355980364220003 0.550386467079036 0.0928496563949254 0.000179918760607156 0.000187849256563123 0.000177196690436495 0.00023854759842791
"SRS024584.SRX019639" 0.0626926308340133 0.736207616030312 0.197723131719552 0.000255280113738943 0.000493499782188524 0.000209343651402836 0.00241849786879244
"SRS013243.SRX019639" 0.211989329716559 0.708384787165068 0.0733827851723857 0.000243286696972369 0.000232962758140987 0.000232161086783767 0.00553468740409057
"SRS020026.SRX019636" 0.00029873582218932 0.000322950714806041 0.000351348641499898 0.997816096411006 0.000479663488344345 0.000347534274039478 0.000383670648114595
"SRS045289.SRX019682" 0.000253924948205435 0.216977898470103 0.782201415371517 0.000139481383827238 0.000129762286213297 0.000131324594992046 0.000166192945141816
"SRS047584.SRX019682" 0.000473754199005246 0.175952293928003 0.822964168918788 0.000149164568883235 0.000138546096192203 0.000142426290981946 0.000179645998145742
"SRS056264.SRX019682" 0.279763903174744 0.296978459861156 0.404031272303883 0.000149571842268933 0.0141570520720149 0.000143614467296828 0.00477612627863684
"SRS018159.SRX019682" 0.000350953315573193 0.028069526827857 0.97096618791627 0.000145333677246854 0.000141456467738103 0.000143534326424375 0.00018300746888999
"SRS024050.SRX019681" 0.873295212178395 0.117265350019037 0.0085544371941469 0.000218252485555056 0.00021523407918309 0.000212866513455854 0.000238647530227459
"SRS016936.SRX019681" 0.285035118306706 0.355125008150346 0.310361164566052 0.000356094740407178 0.0347407556044182 0.000191647133985817 0.0141902114980845
"SRS018009.SRX019639" 0.807454930966203 0.173939198640466 0.0178096825050821 0.000190310775141469 0.000182363170767352 0.000188603294410662 0.000234910647928844
"SRS013252.SRX019639" 0.0611103728615667 0.0632901254770736 0.874936939637632 0.000154607489243452 0.000143565357741589 0.000200602118004366 0.000163787058738669
"SRS017772.SRX019639" 0.458026492230607 0.0960530399676269 0.435051914369496 0.000146125101158475 0.0101826328562628 0.000152748755667302 0.000387046719181108
"SRS017780.SRX019639" 0.199832744508114 0.618246714078943 0.181069033731136 0.000258793253081492 0.000181018128878215 0.000179278219306529 0.000232418080540271
"SRS016343.SRX019682" 0.71336079893834 0.229115702562267 0.0567644569535244 0.000171833841582073 0.000176230413689863 0.000225991618370817 0.000184985672226754
"SRS016712.SRX019682" 0.255473788603614 0.74297818177033 0.000798914293921248 0.000179155097676061 0.000184546991620233 0.000176660032932302 0.000208753209906246
"SRS053366.SRX019682" 0.178772533298846 0.811961606217238 0.00854494832608899 0.000165965023467574 0.000178815379762114 0.000165490215017472 0.000210641539579683
"SRS016358.SRX019682" 0.928278591281209 0.0499815365582297 0.0173268653535814 0.000180912841140619 0.000256582862163388 0.000205629122689875 0.00376988198098614
"SRS018005.SRX019639" 0.623499370186598 0.11001887596667 0.262055423928796 0.000157236977671949 0.000168067086292394 0.00391051858841868 0.00019050726555346
"SRS018155.SRX019682" 0.343811141570257 0.612682833992076 0.0383744166532367 0.00421666519792497 0.000273728922295022 0.000391385447745947 0.000249828216464341
"SRS017721.SRX019682" 0.522675034345542 0.331086568743098 0.143720552864011 0.000163157428087194 0.000191096279194033 0.00015877126567394 0.00200481907439444
"SRS023758.SRX019681" 0.00054841892036289 0.314389603428893 0.678949086506257 0.000217270961207809 0.000365188371229584 0.000187869178127684 0.00534256263392196
"SRS024054.SRX019681" 0.0555199547951134 0.156106705420229 0.787472116982226 0.000179366566379283 0.000176166639845692 0.0003366773458047 0.00020901225040245
"SRS023989.SRX019681" 0.000630038467798853 0.429996922317897 0.566709155581118 0.000210034274557644 0.00190795744230218 0.000272035793213148 0.000273856123112406
"SRS016714.SRX019682" 0.247966552444677 0.743551900257307 0.00734327313873123 0.000176059776338324 0.000172039503309008 0.000193436175663314 0.000596738703973512
"SRS016940.SRX019681" 0.00816431463640884 0.0656628481530166 0.92117170107559 0.00410614632862356 0.000193439385515854 0.000525464002385256 0.000176086418460289
"SRS047634.SRX019682" 0.00353759541330212 0.0556692983099277 0.938291402375291 0.00207770537027537 0.000133842916748497 0.000129985948962106 0.000160169665493488
"SRS020429.SRX019682" 0.431186981620469 0.282243745342583 0.281403200959263 0.000150142692771093 0.00135266613504346 0.00315919596163553 0.000504067288233981
"SRS023995.SRX019681" 0.00204619165926917 0.150995520575305 0.843119223843495 0.000158689944960078 0.00334340806797884 0.000152135546615052 0.00018483036237738
"SRS044299.SRX019681" 0.381556724378917 0.0621938561270957 0.555506417711089 0.000172234032907121 0.000185240011509918 0.000186080580557455 0.000199447157924188
"SRS016361.SRX019682" 0.0161250953086313 0.205396652582883 0.777845599165119 0.0001560232239708 0.000148562820152426 0.000151119875807894 0.000176947023435885
"SRS017715.SRX019682" 0.350110260102764 0.402409514589225 0.156318209311355 0.000613359027086597 0.0819068758826784 0.000175714206569155 0.00846606688032131
"SRS013195.SRX019681" 0.0335104273783239 0.650239926927524 0.308268047840118 0.00025220401501268 0.000942152742427517 0.00647315925302041 0.000314081843574143
"SRS018141.SRX019682" 0.25586305985199 0.56531592077542 0.178145448341369 0.000156986823719272 0.000160164182044315 0.000153846429420981 0.000204573596035788
"SRS020439.SRX019682" 0.114586441435309 0.112364863363789 0.688326014222635 0.0093635330594229 0.0363813405080353 0.030844419328213 0.00813338808259595
"SRS018151.SRX019682" 0.000389952803107711 0.998022658172208 0.000426076864256433 0.000290663341478008 0.000280669913122906 0.000282527854425603 0.000307451051401009
"SRS020433.SRX019682" 0.462910343753637 0.00133393994322434 0.519384869011682 0.000185109496270033 0.000186541321707038 0.0157872277226459 0.000211968750834031
"SRS013185.SRX019681" 0.307625421877679 0.305563874927414 0.384576953857261 0.000176385049390558 0.000303196725576927 0.00148755411758359 0.000266613445094583
"SRS050826.SRX019682" 0.121570556136374 0.63714537358408 0.227671569598715 0.000312463552841434 0.00530239449354151 0.000252606964121133 0.0077450356703266
"SRS023768.SRX019681" 0.000573985322144726 0.065116238882962 0.00123346636693901 0.929756450624605 0.000453451868111947 0.000581916813642758 0.00228449012159435
"SRS016720.SRX019682" 0.423376548533462 0.184576772064577 0.382699870036028 0.000172478350784224 0.0014487156023899 0.000424037492196155 0.00730157792056217
"SRS020443.SRX019682" 0.000314648779784937 0.000595004796167446 0.000369848464023931 0.9271268799331 0.070077556162824 0.000306804671889724 0.00120925719221053
"SRS023987.SRX019681" 0.0245462793694701 0.871851214263875 0.0945657149184145 0.00743915288584424 0.000938134348355844 0.000251019264979623 0.000408484949061101
"SRS023756.SRX019681" 0.794202126920565 0.102583451124843 0.0801031592159386 0.000229449623969271 0.00019552318813009 0.000695173608430773 0.0219911163181233
"SRS018157.SRX019682" 0.000431147196695343 0.0760934758277599 0.922856849436956 0.00014941312628855 0.000143668462057073 0.000149369292287407 0.000176076657955591
"SRS020421.SRX019682" 0.560222236844309 0.0419519441238477 0.305581383660047 0.000493554652393034 0.0902259495990136 0.000154919392119349 0.00137001172827034
"SRS052103.SRX019681" 0.494101794538177 0.488515284502057 0.0162372498468735 0.000224675473114405 0.000436357603315972 0.000239390754889684 0.000245247281572177
"SRS020435.SRX019682" 0.83744185566287 0.046244150990809 0.0648994136894538 0.00017900110331871 0.0506669002821029 0.000155478439305666 0.000413199832139907
"SRS024052.SRX019681" 0.0205139220514653 0.328876262402627 0.649758367195075 0.000207853582758445 0.000196523263870337 0.000198052967806756 0.000249018536398134
"SRS016364.SRX019682" 0.101335122520105 0.0600756132701007 0.828738483805175 0.00624413337680417 0.000119664323526361 0.00270885834767726 0.00077812435661138
"SRS058746.SRX019681" 0.0464039050116859 0.0334406492889038 0.91953700156851 0.000154243177444563 0.000148848424300319 0.000146843670314869 0.000168508858840518
"SRS016932.SRX019681" 0.188688923407953 0.356931542164907 0.410942322331124 0.00528266611604468 0.0289328483388175 0.0065020422163535 0.00271965542480016
"SRS055625.SRX019682" 0.000377286672002591 0.0510642120852906 0.947992744032313 0.000145979472036558 0.000134815709358494 0.000132866462954753 0.000152095566044082
"SRS052522.SRX019682" 0.000285074765692031 0.940639969369647 0.058155299516279 0.000227751947927645 0.000220520214897146 0.000224009625395295 0.000247374560161602
"SRS016716.SRX019682" 0.000561677671178124 0.990531009882985 0.00056465705302391 0.00755757721766049 0.000247817394637404 0.000249480445539366 0.000287780334975533
"SRS054588.SRX019682" 0.0856744237613819 0.827508703074535 0.0858536206844251 0.00016892896986983 0.000414822183030654 0.000190708465018335 0.000188792861739037
"SRS016724.SRX019682" 0.000825127194121172 0.454895416176986 0.543532870345369 0.000182517392289 0.000175340477570725 0.000180274613707449 0.000208453799956532
"SRS016722.SRX019682" 0.24524545973654 0.717733107050917 0.035973169081819 0.000202269300965508 0.000194409749305342 0.000297895490147964 0.000353689590305636
"SRS013201.SRX019681" 0.00770823287873192 0.0983662110771947 0.893298609153369 0.000154433894323185 0.000147210609863065 0.00014986626622851 0.00017543612028973
"SRS013203.SRX019681" 0.000683069804586588 0.0262360331465994 0.972363106530071 0.000170548131359594 0.000164385857269109 0.000185429600822196 0.0001974269292916
"SRS016379.SRX019682" 0.00917525876228146 0.072361406640049 0.00059257780481131 0.876952039516917 0.0386749269186539 0.00158081309884431 0.00066297725844308
"SRS016352.SRX019682" 0.0311700598353934 0.966047287354759 0.00199874997955189 0.000193182705847575 0.000185177451010568 0.000186477536364396 0.000219065137073403
"SRS057692.SRX019682" 0.48339993652302 0.481438645346544 0.029946282063764 0.00304463956102105 0.00019061668833941 0.00132035774643522 0.000659522070877009
"SRS016349.SRX019682" 0.415721125121138 0.401827056253236 0.162853431288971 0.00651508208585067 0.012522583306554 0.000185374364939106 0.000375347579311749
"SRS018149.SRX019682" 0.0506418851633375 0.906016059049513 0.0418527104244637 0.000843766932538346 0.000178157426967542 0.000179683861285958 0.000287737141893716
"SRS048653.SRX019681" 0.247802571150713 0.590666417862477 0.160423002073306 0.000232370036413766 0.000275796220955101 0.000226528824341342 0.00037331383179511
"SRS024044.SRX019681" 0.0517746203657918 0.798736515640642 0.148260470100186 0.000276390975605374 0.000269359846377137 0.00026731956486129 0.000415323506536516
"SRS016942.SRX019681" 0.00102965287536424 0.015082121196218 0.979685737142188 0.00362417465404033 0.000154703163149849 0.000166335475661273 0.000257275493378583
"SRS016718.SRX019682" 0.0777250551638595 0.848745341523972 0.0726935434317224 0.000204039656229407 0.000203580853817266 0.000203559832045223 0.000224879538354011
"SRS023760.SRX019681" 0.000756162092273916 0.281767062007789 0.716573793334474 0.000226259498741255 0.000214544211573324 0.000218559109858908 0.000243619745289605
"SRS017709.SRX019682" 0.279222522982501 0.0550518815524155 0.578009500526093 0.000460054271676222 0.0867746813338508 0.000124228210072076 0.000357131123391154
"SRS017713.SRX019682" 0.711007638034639 0.224254390074551 0.0640495613565666 0.000171702807571483 0.000165762240011473 0.000165600574486981 0.000185344912173302
"SRS016449.SRX019681" 0.595850741462375 0.0152931059875291 0.351219129390307 0.000156483935391343 0.032254267068649 0.000158833164349384 0.00506743899139935
"SRS016934.SRX019681" 0.000499170528927727 0.857739493247238 0.120056409559925 0.000349168368219202 0.0203705397822847 0.00031399455581173 0.000671223957592845
"SRS016726.SRX019682" 0.000386548824271369 0.455201648651041 0.543602570101029 0.00020017119498302 0.000190509026910026 0.000194191014003391 0.000224361187761789
"SRS020437.SRX019682" 0.000933404032436574 0.121461359437069 0.859193658686008 0.00198577446452529 0.00352671380614932 0.00367047567158779 0.00922861390222455
"SRS017717.SRX019682" 0.163743259176823 0.448771308108462 0.366070686047684 0.000175395864808741 0.0119248452487725 0.000164788509344415 0.00914971704410561
"SRS017719.SRX019682" 0.0220548282341831 0.955873266955764 0.0208092690271369 0.000313052238465843 0.000301967363793678 0.000308857636986663 0.000338758543669343
"SRS043898.SRX019681" 0.00744139180594794 0.0542925906554861 0.937580159791142 0.000171965946053617 0.000163157949576512 0.000163145795313816 0.000187588056480458
"SRS016337.SRX019682" 0.859836049749198 0.0563579921541932 0.0812923917506594 0.00163577476768179 0.000193433603343402 0.000266340399174619 0.000418017575749528
"SRS058182.SRX019682" 0.000340835892121076 0.0453071873267727 0.00122008713900665 0.943941276470102 0.000244980394541967 0.00863406283747107 0.000311569939985077
"SRS023629.SRX019683" 0.0305223447203217 0.0187347391822173 0.950127160223207 0.000145491302362651 0.000140086792943944 0.000158473142211453 0.000171704636735926
"SRS017418.SRX019683" 0.0028656477046781 0.0290651437508349 0.935207852565502 0.00111698965997247 0.00014672508525365 0.000188524029410204 0.0314091172043487
"SRS018445.SRX019684" 0.0004431857325527 0.960701461883783 0.0374743670298295 0.000466179347248745 0.000229245776516483 0.000234865534933285 0.000450694695136011
"SRS017667.SRX019683" 0.0973842159631033 0.00318867451747234 0.898825500008179 0.000138155517471581 0.00014036311160602 0.000159464899514852 0.000163625982652971
"SRS024468.SRX019684" 0.468450127217182 0.350016920563021 0.180817245621427 0.000189301853928428 0.000136866616561924 0.000147465488555733 0.000242072639323961
"SRS020427.SRX019682" 0.858739318103348 0.0682071880339449 0.0554843345925919 0.000145123235667239 0.00861532977536863 0.000315015732771502 0.00849369052630815
"SRS023746.SRX019681" 0.636819793683443 0.361761465767884 0.000363006208332839 0.00033533472857116 0.000202095518392103 0.000202043637588465 0.000316260455788526
"SRS023752.SRX019681" 0.000587971565353444 0.997498000362555 0.000420038167599919 0.000375446442935033 0.000359921812277443 0.000364997833285271 0.000393623815993752
"SRS016346.SRX019682" 0.56496796939473 0.408824498484264 0.0228101338834577 0.000420605567513078 0.00221035751860316 0.000150972393997066 0.000615462757434938
"SRS017127.SRX019684" 0.00113883623637833 0.931634229801028 0.0325893601367151 0.000228217353906264 0.00680227183413058 0.000215309779369611 0.0273917748584718
"SRS024355.SRX019684" 0.102016637778823 0.0745108565691306 0.822456188137334 0.000136765463722716 0.000141207433832991 0.00013190298739385 0.000606441629763553
"SRS017665.SRX019683" 0.000625834355789961 0.00131644859906221 0.996413627905261 0.000700731043502972 0.00022268165647297 0.000144382600487536 0.00057629383942323
"SRS020249.SRX019683" 0.319273196610898 0.381230644441286 0.286707984862912 0.00358878242915694 0.00882964730202077 0.000157660222617998 0.000212084131107794
"SRS017410.SRX019683" 0.121655959399398 0.737940665796261 0.139472108439318 0.000222563139424692 0.000245986682540909 0.000212228852732945 0.000250487690323862
"SRS024367.SRX019684" 0.0125809129108942 0.0963954422306424 0.0723190424095434 0.805290352486831 0.000269282048274061 0.00383613728820504 0.00930883062560964
"SRS013506.SRX019683" 0.192928229160641 0.737203850400937 0.0288776457834778 0.000256235376617082 0.016982373236383 0.000265699521835294 0.0234859665201087
"SRS013825.SRX019684" 0.247017184231978 0.404057276384563 0.302025918158894 0.00456759288423473 0.0416145008943351 0.000149876465347342 0.000567650980648849
"SRS013498.SRX019683" 0.340800220672658 0.432917089576611 0.130642306581331 0.000186530492710254 0.0950024466141573 0.000175479612168089 0.00027592645036412
"SRS017420.SRX019683" 0.000540951362946246 0.132064284007768 0.866768456314928 0.000144276002782882 0.000198437818119894 0.000130529633840508 0.000153064859614362
"SRS020016.SRX019683" 0.0778102784196176 0.000680841796883343 0.916641136525687 0.000191519395519625 0.00401901743481895 0.000246139193556577 0.000411067233917014
"SRS017408.SRX019683" 0.659194337175797 0.330533838472674 0.00159101714694738 0.000187360463393466 0.000236045548910573 0.000184528504807248 0.00807287268747057
"SRS024592.SRX019639" 0.00843971951919741 0.0328776049201563 0.958095847304238 0.000135638223657299 0.000146544753348345 0.000134216491620687 0.000170428787782297
"SRS020257.SRX019683" 0.068950778139857 0.05996382807435 0.870516442273635 0.00014088621215434 0.000134540744225739 0.00013816732611701 0.000155357229661212
"SRS020004.SRX019683" 0.411055110299784 0.504873308404941 0.00287934084255527 0.000191516072455724 0.0804137151661618 0.000186450087059183 0.000400559127043073
"SRS017529.SRX019683" 0.281421796325484 0.352413197206639 0.354182226504359 0.00269874534502805 0.00705136069040859 0.00017260876478151 0.00206006516330012
"SRS055687.SRX019685" 0.0103271801869202 0.135133404990892 0.853543395999613 0.000189518691528831 0.000280600970471355 0.000163295692456899 0.000362603468117621
"SRS023613.SRX019683" 0.38900924278083 0.122890195047171 0.484654951775856 0.000146817250241593 0.000160760146344856 0.000139316723016323 0.00299871627654006
"SRS020008.SRX019683" 0.000691006413932517 0.997869795817932 0.000416356522859309 0.000254914636589441 0.00024094468126596 0.000242016353092539 0.000284965574327902
"SRS023625.SRX019683" 0.64445297370227 0.277409512974872 0.077396620057027 0.000176398923052182 0.000175326807712019 0.000179806314739314 0.000209361220327231
"SRS024363.SRX019684" 0.040684787963335 0.117493388363733 0.0497572878917269 0.456344658439237 0.10214235177237 0.0149816310426097 0.218595894526989
"SRS024351.SRX019684" 0.423689450553411 0.401924398606613 0.172857263410104 0.000819124317063768 0.000275401302752503 0.000145514837710048 0.000288846972345801
"SRS020543.SRX019684" 0.0850728084187537 0.690006507464632 0.188055329051116 0.00018224963741257 0.0362770922720169 0.000178045347849498 0.000227967808219062
"SRS020006.SRX019683" 0.154295270447153 0.786608608360084 0.0574037496549822 0.000219600030007332 0.000950081460697132 0.000216622307119307 0.000306067739957093
"SRS017661.SRX019683" 0.216732051137468 0.238861208938306 0.477266566999886 0.0141686333364495 0.0472091578497578 0.000161701340328452 0.00560068039780395
"SRS024175.SRX019683" 0.000876011642224661 0.139999273327594 0.858559035589534 0.000136929106647093 0.000133018396486865 0.000132702480787638 0.000163029456725825
"SRS016533.SRX019683" 0.0226974511630765 0.789636996278845 0.186519072687802 0.000282451909437532 0.000270407018902117 0.000272821465533917 0.000320799476402222
"SRS019998.SRX019683" 0.528279009327024 0.160685097717401 0.297883276510652 0.000231980989646305 0.0122399414926999 0.00015278738169713 0.00052790658087906
"SRS013813.SRX019639" 0.520254875581766 0.0738576679569764 0.370323089268321 0.00302604721420939 0.0310094094530291 0.000140972221434035 0.00138793830426469
"SRS017649.SRX019683" 0.415769082019092 0.150249401161456 0.375180850495958 0.00634234724703079 0.0380533044578674 0.00966313048188639 0.00474188413671032
"SRS017142.SRX019684" 0.0234439986525823 0.0774159684637403 0.894655145205344 0.00045758354127092 0.000207442200110424 0.00337264061594208 0.000447221321009586
"SRS017130.SRX019684" 0.258660331744099 0.515445169173908 0.169817864142515 0.000170944850818729 0.00941546506575257 0.00193404400046881 0.0445561810224385
"SRS013141.SRX019639" 0.0909678299336427 0.000735817142416406 0.90770399971794 0.000125854686623982 0.000133502740609515 0.000187107910874995 0.000145887867892723
"SRS013516.SRX019683" 0.00103789389708941 0.0923464017774415 0.905948052251506 0.000162042191849021 0.000153727197791966 0.000156966579930933 0.000194916104391132
"SRS024167.SRX019683" 0.000881744594534672 0.507786103394048 0.0311535658468487 0.000180114881686184 0.459508719035105 0.00018052060677511 0.000309231641002793
"SRS049644.SRX019685" 0.658454824465129 0.101936953192914 0.194276574436877 0.000147755704633977 0.0446783214093251 0.000206694531153338 0.000298876259967597
"SRS024412.SRX019683" 0.000798733785324383 0.115751744087068 0.882796591012165 0.000163313607394803 0.000153033908503251 0.000154758374372007 0.000181825225172834
"SRS018102.SRX019683" 0.000371690807195723 0.492504103960289 0.506261983020229 0.000211147686143333 0.000202780016169528 0.000204033290472681 0.000244261219501501
"SRS020553.SRX019684" 0.0619079832866355 0.0174509648705969 0.9166491331796 0.00088944902971981 0.0025386394536305 0.000211893098741921 0.000351937081075235
