"1" "2" "3"
"SRS015127.SRX020547" 0.915428411689767 0.00602140756868619 0.078550180741547
"SRS015127.SRX020557" 0.90014818748366 0.00023904743884736 0.0996127650774927
"SRS043704.SRX020690" 0.00088979559421563 0.998285931781956 0.000824272623828004
"SRS049355.SRX020682" 0.0114119234140334 0.988087547986298 0.000500528599668155
"SRS042320.SRX020665" 0.000713545235842019 0.000273707247120546 0.999012747517038
"SRS024488.SRX019684" 0.338898665197896 0.599987789840706 0.0611135449613981
"SRS019556.SRX020561" 0.195374270975327 0.749301186938021 0.0553245420866523
"SRS015198.SRX020561" 0.130498003287262 0.827345205592882 0.0421567911198563
"SRS019679.SRX020561" 0.120545724025974 0.865903584089243 0.0135506918847831
"SRS015139.SRX020561" 0.0651917613390473 0.925034552457034 0.00977368620391888
"SRS015805.SRX020562" 0.0179745338863655 0.973725991215156 0.00829947489847841
"SRS019552.SRX020547" 0.0153265846295051 0.978531335262683 0.00614208010781227
"SRS019552.SRX020529" 0.0204311598448372 0.97450121206821 0.00506762808695256
"SRS015192.SRX020529" 0.045604939565001 0.94310313154076 0.011291928894239
"SRS049891.SRX020533" 0.196815739755584 0.754532426367971 0.0486518338764456
"SRS065615.SRX020579" 0.0569978140794167 0.933984110785531 0.00901807513505196
"SRS053714.SRX020518" 0.00189815210944065 0.00307769690849284 0.995024150982067
"SRS050472.SRX020518" 0.00146431007652422 0.00908631362563308 0.989449376297843
"SRS023019.SRX020682" 0.266865134341162 0.706304762229241 0.0268301034295974
"SRS024545.SRX020682" 0.00787443131699698 0.99186148092312 0.00026408775988346
"SRS042602.SRX020690" 0.0541776431171986 0.945759225914955 6.31309678461543e-05
"SRS063268.SRX020548" 0.0712315563691295 0.773171303681309 0.155597139949561
"SRS015011.SRX020535" 0.00209447648789598 0.00919654496540763 0.988708978546696
"SRS042360.SRX021470" 0.124684180346281 0.765425816182067 0.109890003471652
"SRS065711.SRX022229" 0.164512752467096 0.809128098879728 0.0263591486531756
"SRS044937.SRX022234" 0.226611446477692 0.658937041437243 0.114451512085064
"SRS021762.SRX022231" 0.00107292447508136 0.0047213165722806 0.994205758952638
"SRS024365.SRX019684" 0.0194652265885888 0.968626897431463 0.0119078759799479
"SRS024343.SRX019684" 0.999220684631535 0.00059920649448441 0.000180108873980047
"SRS020539.SRX019684" 0.999777098012705 0.000105510814066274 0.000117391173228862
"SRS020881.SRX019691" 0.999785081480832 9.20689173874552e-05 0.000122849601780573
"SRS020895.SRX019691" 0.454094349454238 0.0033101358035938 0.542595514742168
"SRS016880.SRX019692" 0.146247656819091 0.000269760205232517 0.853482582975676
"SRS015031.SRX020535" 0.999685212538758 0.00014575389088676 0.000169033570355309
"SRS015568.SRX020535" 0.44928284796103 0.00164489376457124 0.549072258274399
"SRS016233.SRX020522" 0.998790409060536 6.94504777051524e-05 0.00114014046175947
"SRS011589.SRX020669" 0.999207276493721 0.000323426084990572 0.000469297421288363
"SRS063236.SRX020665" 0.99968599405342 0.000251143450937061 6.2862495643382e-05
"SRS043574.SRX020563" 0.999848628967241 0.000114135606824727 3.72354259345496e-05
"SRS015872.SRX020529" 0.998035748080928 0.00152332434454561 0.000440927574526581
"SRS063514.SRX020579" 0.999752326210052 8.39827193383427e-05 0.000163691070609244
"SRS064811.SRX020579" 0.999012145962155 8.1043721647362e-05 0.000906810316197135
"SRS045871.SRX020563" 0.999732379956521 0.000174419542385371 9.32005010940312e-05
"SRS023003.SRX020682" 0.989791757195534 0.000240006559637014 0.00996823624482932
"SRS047494.SRX020687" 0.999906153219453 4.83122759628406e-05 4.55345045844673e-05
"SRS015182.SRX020558" 0.958182286319616 0.000936410899954613 0.040881302780429
"SRS057051.SRX022036" 0.290816476957213 0.000550949797124717 0.708632573245662
"SRS048103.SRX022221" 0.410118432747404 4.27788534181745e-05 0.589838788399178
"SRS023316.SRX022223" 0.999030801934722 0.000613750235366756 0.000355447829911406
"SRS023250.SRX022229" 0.838819609365261 0.00201623325908895 0.15916415737565
"SRS054762.SRX022236" 0.980965587296326 0.00530762041891116 0.0137267922847628
"700014744.V35.241810" 0.785806326923732 0.00031935686420609 0.213874316212062
"SRS015184.SRX020558" 0.999674010587775 0.000165056926342218 0.00016093248588242
"SRS018555.SRX020529" 0.0443714077575249 0.897197887175031 0.0584307050674443
"SRS055187.SRX020687" 0.0117874307664807 0.986925317736528 0.00128725149699104
"700014999.V35.241686" 0.000150324739570413 0.99787573370862 0.0019739415518099
"700033491.V35.241795" 0.00691534944531206 0.992509387459655 0.000575263095032756
"SRS018068.SRX019682" 0.00764017158264961 0.992172794900692 0.000187033516658125
"SRS062847.SRX020579" 0.000139365841823261 0.999203805869554 0.000656828288622475
"SRS056854.SRX020684" 0.00139958349117826 0.0110452564779964 0.987555160030825
"SRS050141.SRX020688" 9.8147412552068e-05 0.999809048795055 9.28037923927245e-05
"700015415.V35.241712" 0.00893311516133934 0.990984309707682 8.25751309788538e-05
"700014390.V35.241827" 7.97953708162668e-05 0.999761074156632 0.000159130472552192
"SRS043187.SRX020686" 0.0162491111116812 0.949134739842842 0.0346161490454765
"SRS045482.SRX020686" 0.00584711420542662 0.984983552306515 0.00916933348805867
"SRS045403.SRX020690" 0.148279330944145 0.837351773720681 0.0143688953351737
"SRS014978.SRX020576" 0.00323763810399144 0.996683322304141 7.90395918678425e-05
"SRS020233.SRX019683" 0.00152603527428195 0.99833860793321 0.000135356792507914
"SRS014923.SRX020555" 0.00334078852625243 0.996559945533858 9.92659398895854e-05
"SRS019582.SRX020560" 0.00272330169434797 0.995393264126884 0.0018834341787683
"700014561.V35.241810" 0.00076197779036976 0.999186801420184 5.12207894459441e-05
"SRS019498.SRX020529" 0.285558259938645 0.651876821184562 0.0625649188767927
"SRS047424.SRX020533" 0.00135739614729038 0.00216114812396726 0.996481455728742
"SRS051979.SRX020688" 0.122548249125327 0.860740672151927 0.0167110787227463
"SRS017663.SRX019635" 0.981446659437987 0.0181686817420533 0.000384658819960031
"SRS023617.SRX019635" 0.999334791316758 0.000497403021114257 0.000167805662127591
"SRS017653.SRX019635" 0.955518277578674 0.0098074597781986 0.0346742626431272
"SRS016529.SRX019635" 0.999766838839538 0.000105865859564314 0.000127295300897568
"SRS020245.SRX019635" 0.999816500969759 7.87042821686133e-05 0.000104794748072515
"SRS020002.SRX019635" 0.999747447352128 0.00010643712289652 0.00014611552497582
"SRS020267.SRX019636" 0.0643071604308718 0.764764732165279 0.170928107403849
"SRS017549.SRX019635" 0.102388481833829 0.833562342470451 0.0640491756957205
"SRS020263.SRX019636" 0.00334420716471636 0.990071352861154 0.00658443997412979
"SRS024410.SRX019635" 0.993789235122493 0.00598159084658055 0.000229174030926606
"SRS017677.SRX019635" 0.00746651603713301 0.991061833630706 0.00147165033216089
"SRS024187.SRX019635" 0.055904244944395 0.934124774032114 0.00997098102349102
"SRS018088.SRX019635" 0.99965737664142 0.000129319314269292 0.00021330404431026
"SRS017543.SRX019635" 0.999664242940752 0.000190234346242489 0.00014552271300592
"SRS016529.SRX019636" 0.999346466202121 0.000503368607143556 0.000150165190735497
"SRS017543.SRX019636" 0.998817337015154 0.00103089564779163 0.000151767337054428
"SRS017533.SRX019635" 0.998579612789061 0.0010238990800023 0.000396488130936357
"SRS017549.SRX019636" 0.0850882633462924 0.828970508450937 0.0859412282027702
"SRS024187.SRX019636" 0.0525266898795669 0.939249026903474 0.00822428321695903
"SRS013502.SRX019636" 0.998282169710792 0.00159421818761327 0.000123612101594775
"SRS013683.SRX019635" 0.0308833829213402 0.952848855844757 0.0162677612339032
"SRS020255.SRX019635" 0.999670249512701 0.000139173128402544 0.000190577358896348
"SRS020267.SRX019635" 0.0700282475714055 0.750242577453563 0.179729174975031
"SRS024424.SRX019636" 0.019894701362564 0.972704340753925 0.00740095788351105
"SRS017997.SRX019639" 0.00196016527508362 0.99782426312928 0.000215571595635959
"SRS017788.SRX019639" 0.212570739463411 0.00018601758965745 0.787243242946931
"SRS018023.SRX019639" 0.189968393745771 0.000212022569486926 0.809819583684742
"SRS018198.SRX019639" 0.803855758137271 0.000252653014377675 0.195891588848351
"SRS013237.SRX019639" 0.993947088419183 0.00533212121639228 0.000720790364424657
"SRS017653.SRX019636" 0.943192244072365 0.0115885535021704 0.0452192024254644
"SRS018507.SRX019639" 0.999658571807339 0.000159365852421547 0.00018206234023941
"SRS018515.SRX019639" 0.148359247648857 0.000249948039859862 0.851390804311284
"SRS018214.SRX019639" 0.471489938381677 0.000163616592403586 0.528346445025919
"SRS013228.SRX019639" 0.99631566653874 0.000643571184537934 0.00304076227672242
"SRS018204.SRX019639" 0.991990374469935 0.000182135136670853 0.00782749039339431
"SRS013683.SRX019636" 0.0304753553104542 0.951817749236974 0.0177068954525712
"SRS017533.SRX019636" 0.998301529118952 0.00133645218338674 0.000362018697661658
"SRS024582.SRX019639" 0.945351322414362 0.000299633333198265 0.0543490442524395
"SRS013270.SRX019639" 0.00665479818661946 0.992595443601891 0.000749758211489904
"SRS024594.SRX019639" 0.0971684738787017 0.000226332522570622 0.902605193598728
"SRS018216.SRX019639" 0.625343295397134 0.000209089664892247 0.374447614937974
"SRS013234.SRX019639" 0.999071584098636 0.000628161369484367 0.000300254531879419
"SRS013255.SRX019639" 0.172854213990323 0.000202916344117179 0.826942869665559
"SRS017782.SRX019639" 0.961940902501906 0.000181093543486146 0.0378780039546074
"SRS017778.SRX019639" 0.987150867986485 0.00284744470046906 0.0100016873130462
"SRS018021.SRX019639" 0.343957574060164 0.000176141146449023 0.655866284793387
"SRS020255.SRX019636" 0.999156393089031 0.000604386800258907 0.000239220110710364
"SRS018513.SRX019639" 0.23554477699137 0.000315328640210195 0.764139894368419
"SRS018505.SRX019639" 0.996554980209826 0.00260530099279903 0.000839718797375185
"SRS013249.SRX019639" 0.988349575941295 0.00740208476820011 0.00424833929050515
"SRS018208.SRX019639" 0.997305837189907 0.000149224412741528 0.00254493839735194
"SRS017663.SRX019636" 0.986753430910555 0.0129507811907869 0.000295787898658451
"SRS024588.SRX019639" 0.998941797773417 0.000218432673789466 0.000839769552793369
"SRS024584.SRX019639" 0.99698495364886 0.00018001376678357 0.00283503258435688
"SRS013243.SRX019639" 0.99953247490069 0.000189736353095242 0.000277788746215104
"SRS020026.SRX019636" 0.000312688051625135 0.999454549673213 0.00023276227516182
"SRS045289.SRX019682" 0.328512711639175 0.000177051974181154 0.671310236386644
"SRS047584.SRX019682" 0.25414256399945 0.000261339699357075 0.745596096301193
"SRS056264.SRX019682" 0.85002634353237 0.00214110724046835 0.147832549227162
"SRS018159.SRX019682" 0.0657193520062035 0.000134349203184963 0.934146298790611
"SRS024050.SRX019681" 0.999399288994621 0.000266686661016864 0.000334024344362008
"SRS016936.SRX019681" 0.911886085664445 0.0105089900169064 0.0776049243186484
"SRS024058.SRX019681" 0.0757092792313823 0.911069777794221 0.0132209429743967
"SRS018009.SRX019639" 0.9996067626472 0.000157989528960304 0.000235247823839741
"SRS013252.SRX019639" 0.209045782550656 0.000183080221950336 0.790771137227393
"SRS017772.SRX019639" 0.741394752827103 0.00341664750884571 0.255188599664052
"SRS017780.SRX019639" 0.99555249653167 0.000172153957537166 0.00427534951079313
"SRS016343.SRX019682" 0.997872801359402 0.000164722193786684 0.00196247644681109
"SRS016712.SRX019682" 0.999736997540069 0.000118971118983862 0.000144031340947291
"SRS053366.SRX019682" 0.99966068909036 0.000142737461353465 0.000196573448286604
"SRS016358.SRX019682" 0.999599115577627 0.000176792524241808 0.000224091898131524
"SRS018005.SRX019639" 0.980366685704264 0.000168108449679395 0.0194652058460565
"SRS018155.SRX019682" 0.998638946627475 0.000881545478224595 0.00047950789430053
"SRS017721.SRX019682" 0.996704621336627 0.000179957557001341 0.00311542110637198
"SRS023758.SRX019681" 0.499415388274793 0.000444879460650891 0.500139732264556
"SRS024054.SRX019681" 0.455582877938229 0.000252317402061397 0.544164804659709
"SRS023989.SRX019681" 0.844189147122881 0.000834652253778116 0.154976200623341
"SRS016714.SRX019682" 0.99968223960477 0.000119968405126666 0.000197791990103511
"SRS016940.SRX019681" 0.181701777684133 0.00135127126394336 0.816946951051924
"SRS047634.SRX019682" 0.159313380237867 0.000638765014965608 0.840047854747167
"SRS020429.SRX019682" 0.9499342930764 0.00142973085368713 0.0486359760699123
"SRS023995.SRX019681" 0.258807432788184 0.000573012062437829 0.740619555149379
"SRS044299.SRX019681" 0.649571439377246 0.000347107415040279 0.350081453207713
"SRS016361.SRX019682" 0.380190570239789 0.000163652456454036 0.619645777303757
"SRS017715.SRX019682" 0.980187945866453 0.0190518768119073 0.000760177321639518
"SRS013195.SRX019681" 0.977473543074211 0.000676895953069387 0.0218495609727192
"SRS024048.SRX019681" 0.921844607732334 0.000341609737193784 0.0778137825304719
"SRS018141.SRX019682" 0.96554540231747 0.00017631314351592 0.0342782845390146
"SRS020439.SRX019682" 0.315748251995867 0.0103143357315821 0.67393741227255
"SRS018151.SRX019682" 0.999639176061107 0.000171303146652137 0.000189520792241277
"SRS020433.SRX019682" 0.269694955224872 0.000216769310374462 0.730088275464754
"SRS013185.SRX019681" 0.844557289605718 0.000859450806565912 0.154583259587716
"SRS050826.SRX019682" 0.989542751892938 0.000727940118116476 0.00972930798894511
"SRS023768.SRX019681" 0.0120581196696238 0.985818822948867 0.00212305738150874
"SRS023742.SRX019681" 0.979121163288996 0.000544550662044113 0.0203342860489597
"SRS016720.SRX019682" 0.544489768599145 0.00014494028034052 0.455365291120514
"SRS020443.SRX019682" 0.00196231568609251 0.997325454126872 0.000712230187035015
"SRS023987.SRX019681" 0.997943157939592 0.00129583188726669 0.000761010173140829
"SRS023756.SRX019681" 0.987787364928229 0.000987709503118637 0.0112249255686526
"SRS018157.SRX019682" 0.129872640056523 0.000127285109555371 0.870000074833922
"SRS020421.SRX019682" 0.940428311505177 0.0198713140101108 0.0397003744847121
"SRS052103.SRX019681" 0.975320230779912 0.000431951727182994 0.0242478174929049
"SRS020435.SRX019682" 0.987541608847755 0.0120852272046691 0.000373163947575955
"SRS024052.SRX019681" 0.519060115103885 0.00030307004899267 0.480636814847122
"SRS016364.SRX019682" 0.257968931036354 0.00071019943733437 0.741320869526312
"SRS058746.SRX019681" 0.246278494768846 0.000282052253243303 0.753439452977911
"SRS016932.SRX019681" 0.860868737418273 0.00983904849997488 0.129292214081752
"SRS055625.SRX019682" 0.13704127544799 0.000255272988201899 0.862703451563808
"SRS052522.SRX019682" 0.999414691925735 0.000152537871155075 0.000432770203110237
"SRS016716.SRX019682" 0.999168764993768 0.000271807104560693 0.000559427901670734
"SRS054588.SRX019682" 0.99912862027781 0.000497248589904246 0.000374131132285462
"SRS055686.SRX019681" 0.989133057825069 0.000917042955473825 0.00994989921945708
"SRS016724.SRX019682" 0.446183749289206 0.000171938782834691 0.553644311927959
"SRS016722.SRX019682" 0.999466921375696 0.000186172510173658 0.000346906114130369
"SRS013201.SRX019681" 0.218377669138893 0.000241626084306947 0.7813807047768
"SRS013203.SRX019681" 0.208196351234637 0.000320476500715233 0.791483172264647
"SRS016708.SRX019682" 0.853760570562328 0.000394165177796005 0.145845264259876
"SRS016379.SRX019682" 0.0297695680376146 0.968801266771175 0.0014291651912105
"SRS016352.SRX019682" 0.999750327433459 0.00011390818146928 0.00013576438507202
"SRS057692.SRX019682" 0.998932646615057 0.000649435454750267 0.000417917930192396
"SRS016349.SRX019682" 0.984072245663126 0.00376313230665478 0.0121646220302189
"SRS018149.SRX019682" 0.998866465882451 0.000915616212893652 0.000217917904654924
"SRS048653.SRX019681" 0.959677794959008 0.000312417387779564 0.0400097876532123
"SRS024044.SRX019681" 0.997156794157238 0.000259582385923084 0.00258362345683889
"SRS016942.SRX019681" 0.0890731189462497 0.000979163382605367 0.909947717671145
"SRS016718.SRX019682" 0.999663327027893 0.000138807498015302 0.000197865474091455
"SRS023760.SRX019681" 0.498079567455672 0.000249540574523338 0.501670891969804
"SRS058175.SRX019681" 0.991156858760913 0.000502803584911951 0.00834033765417482
"SRS017709.SRX019682" 0.558647486047504 0.0396229986558505 0.401729515296646
"SRS017713.SRX019682" 0.999489880873032 0.000135582779264688 0.000374536347703445
"SRS016449.SRX019681" 0.860742892478674 0.00858242084036246 0.130674686680964
"SRS016934.SRX019681" 0.996427298698534 0.00223865685680667 0.00133404444465898
"SRS016726.SRX019682" 0.51878628404397 0.000204625331174721 0.481009090624856
"SRS020437.SRX019682" 0.190841058374179 0.00286563488426625 0.806293306741555
"SRS017717.SRX019682" 0.95034230742617 0.00169599565908987 0.0479616969147401
"SRS054616.SRX019681" 0.910053114050129 0.000368380248250428 0.0895785057016209
"SRS017719.SRX019682" 0.999630305267662 0.000174221707355753 0.000195473024982447
"SRS016930.SRX019681" 0.981186789319193 0.0124801570747863 0.00633305360602089
"SRS043898.SRX019681" 0.216491260076963 0.00029988661412909 0.783208853308907
"SRS016337.SRX019682" 0.999026250876237 0.000290650043368168 0.000683099080394998
"SRS058182.SRX019682" 0.00731627730054329 0.990825543222814 0.00185817947664243
"SRS023629.SRX019683" 0.224483314343815 0.000290918135729566 0.775225767520456
"SRS017418.SRX019683" 0.11261790965421 0.00520946607270017 0.88217262427309
"SRS018445.SRX019684" 0.999414207728216 0.000443088261501941 0.000142704010281714
"SRS017667.SRX019683" 0.16124848595765 0.000209601560211976 0.838541912482138
"SRS024468.SRX019684" 0.980752291874863 0.000182658748820592 0.0190650493763168
"SRS020427.SRX019682" 0.998147159711182 0.00147189830073904 0.000380941988078714
"SRS023746.SRX019681" 0.998721548877045 0.000975122391651047 0.000303328731303945
"SRS023752.SRX019681" 0.999555487248014 0.000221221366422064 0.000223291385563666
"SRS016346.SRX019682" 0.998726624644642 0.00110488236198751 0.000168492993371024
"SRS024062.SRX019681" 0.527851670233785 0.396426824155647 0.0757215056105686
"SRS017127.SRX019684" 0.999591307619047 0.000270075950556887 0.000138616430396342
"SRS024355.SRX019684" 0.213143583739281 0.000114005345809075 0.78674241091491
"SRS017665.SRX019683" 0.141376125552944 0.00116956023328966 0.857454314213766
"SRS020249.SRX019683" 0.875647734843765 0.00213367391592933 0.122218591240306
"SRS017410.SRX019683" 0.998269190978743 0.000461367889829978 0.00126944113142734
"SRS024367.SRX019684" 0.0392581809539474 0.936529623454878 0.0242121955911745
"SRS013506.SRX019683" 0.935276937598031 0.00337790976959504 0.0613451526323736
"SRS013825.SRX019684" 0.991970640046321 0.00736598827033822 0.000663371683341124
"SRS013498.SRX019683" 0.829208500127721 0.0198694181745909 0.150922081697688
"SRS017420.SRX019683" 0.228154581917355 0.000456373761101466 0.771389044321544
"SRS020016.SRX019683" 0.0948940217142726 0.000271702757910848 0.904834275527817
"SRS017408.SRX019683" 0.999212168236301 0.000496343161182904 0.000291488602515851
"SRS024592.SRX019639" 0.125536090326084 0.00020130117703584 0.87426260849688
"SRS020257.SRX019683" 0.263908237494305 0.000121877065156954 0.735969885440538
"SRS020004.SRX019683" 0.989438620365268 0.0103075059462177 0.000253873688514577
"SRS017529.SRX019683" 0.828717123438018 0.00235172038589494 0.168931156176087
"SRS055687.SRX019685" 0.149489032267566 0.000345701704273435 0.850165266028161
"SRS023613.SRX019683" 0.700073260142093 0.000194635259859425 0.299732104598047
"SRS020008.SRX019683" 0.999707910617904 0.000134590778200188 0.000157498603895473
"SRS023625.SRX019683" 0.999185523407497 0.000205553494109798 0.000608923098393058
"SRS024363.SRX019684" 0.107128843812867 0.841776401714174 0.051094754472959
"SRS024351.SRX019684" 0.987687573664123 0.00135920607385604 0.0109532202620214
"SRS020543.SRX019684" 0.989066098313039 0.00516138816308683 0.00577251352387372
"SRS020006.SRX019683" 0.999327467417972 0.000441579421912369 0.000230953160115951
"SRS017661.SRX019683" 0.798733875486003 0.0134408016800484 0.187825322833948
"SRS024175.SRX019683" 0.221633804521643 0.000139768891611982 0.778226426586745
"SRS016533.SRX019683" 0.99181499945099 0.000143746827762251 0.0080412537212476
"SRS019998.SRX019683" 0.903314884539675 0.0022356205866394 0.0944494948736855
"SRS013813.SRX019639" 0.810661292512553 0.0171563508848367 0.17218235660261
"SRS017649.SRX019683" 0.807138858482735 0.0126611145893242 0.18020002692794
"SRS017142.SRX019684" 0.190438564478511 0.0008343534568779 0.808727082064611
"SRS017130.SRX019684" 0.985170388934594 0.000528708243102597 0.0143009028223033
"SRS013141.SRX019639" 0.20976895242443 0.000191938375288566 0.790039109200281
"SRS013516.SRX019683" 0.240476577318658 0.000155295566922736 0.759368127114419
"SRS024167.SRX019683" 0.849952312769293 0.149707356151118 0.000340331079589088
"SRS049644.SRX019685" 0.925982974964173 0.0173043242598712 0.0567127007759556
"SRS024412.SRX019683" 0.213681066755152 0.000173796690885457 0.786145136553963
"SRS018102.SRX019683" 0.597277095005734 0.000147967640945025 0.402574937353321
"SRS020553.SRX019684" 0.210007374866717 0.00143219496624562 0.788560430167038
"SRS020259.SRX019683" 0.236741743556884 0.000914105538718523 0.762344150904398
"SRS024482.SRX019684" 0.10056869793148 0.838543854707455 0.0608874473610653
"SRS017304.SRX019683" 0.271089087121323 0.000152773868719237 0.728758139009958
"SRS024470.SRX019684" 0.975036472076252 0.000471627938102659 0.0244918999856456
"SRS013504.SRX019683" 0.991441328555328 0.00633837008527318 0.00222030135939902
"SRS023631.SRX019683" 0.138964770895924 0.000208280746251746 0.860826948357824
"SRS020014.SRX019683" 0.28888954089103 0.000504063201593381 0.710606395907377
"SRS020535.SRX019684" 0.857921699440412 0.00127531991743999 0.140802980642148
"SRS021986.SRX019683" 0.999684192968618 0.000159762662103993 0.000156044369278094
"SRS024349.SRX019684" 0.999684891413703 0.000115911380389561 0.000199197205907322
"SRS024406.SRX019683" 0.99882690712244 0.000924001246639169 0.000249091630920972
"SRS020241.SRX019683" 0.957735144728329 0.00112491129513229 0.0411399439765388
"SRS024347.SRX019684" 0.989028395784575 0.00494890066246032 0.00602270355296434
"SRS021994.SRX019683" 0.423008688115112 0.000163139925110857 0.576828171959777
"SRS020549.SRX019684" 0.976108186675948 0.0234699292105586 0.000421884113493227
"SRS016525.SRX019683" 0.984726873443949 0.000187467874243012 0.0150856586818074
"SRS024414.SRX019683" 0.337328359097351 0.00252220666042244 0.660149434242226
"SRS017547.SRX019683" 0.345279059623562 0.000160477975037871 0.6545604624014
"SRS024357.SRX019684" 0.165220684363585 0.000117083107261709 0.834662232529154
"SRS016541.SRX019683" 0.379133653386031 0.000404241440125691 0.620462105173844
"SRS052762.SRX019685" 0.95745434068004 0.00584968955556559 0.0366959697643944
"SRS017139.SRX019684" 0.273958092654641 0.00010429161059766 0.725937615734761
"SRS020010.SRX019683" 0.998723923739144 0.00107365726247827 0.000202418998377425
"SRS024490.SRX019684" 0.0182934425731128 0.972449175926757 0.0092573815001305
"SRS024478.SRX019684" 0.57601403224189 0.000126961655948748 0.423859006102161
"SRS023619.SRX019683" 0.941793268645884 0.00115424770542931 0.0570524836486869
"SRS020298.SRX019684" 0.88835724009206 0.00158971689784371 0.110053043010096
"SRS024480.SRX019684" 0.071553448746757 0.000261160723305096 0.928185390529938
"SRS020302.SRX019684" 0.999567552192921 0.000124839325028359 0.000307608482050706
"SRS018453.SRX019684" 0.247176807879748 0.000111924832802099 0.75271126728745
"SRS013822.SRX019684" 0.931944199601485 0.0546435062891088 0.0134122941094067
"SRS024353.SRX019684" 0.999716376487088 0.000105345509142437 0.000178278003769485
"SRS020310.SRX019684" 0.972510541178446 9.40512395678008e-05 0.0273954075819863
"SRS017537.SRX019683" 0.998282381098966 0.000807075162140798 0.000910543738892777
"SRS017659.SRX019683" 0.999585769679258 0.000167188735542651 0.000247041585199621
"SRS021978.SRX019683" 0.997922792240751 0.000233053310558996 0.00184415444869005
"SRS016537.SRX019683" 0.99894692543351 0.000615935214885194 0.0004371393516046
"SRS046495.SRX019685" 0.0746595936525418 0.00132392677291029 0.924016479574548
"SRS013837.SRX019684" 0.275153128339544 0.000136270876682414 0.724710600783773
"SRS020551.SRX019684" 0.305493632127875 0.000936606501348018 0.693569761370777
"SRS024404.SRX019683" 0.999644740126753 0.000173083599521622 0.000182176273725716
"SRS017124.SRX019684" 0.997203722665446 0.00250973703201421 0.000286540302539944
"SRS020304.SRX019684" 0.956507860375091 0.0054550985517538 0.0380370410731555
"SRS024345.SRX019684" 0.992763696310878 0.00506387261901831 0.00217243107010387
"SRS016543.SRX019683" 0.290856136046217 0.000194110091587712 0.708949753862195
"SRS018435.SRX019684" 0.870988986240557 0.000160683846104941 0.128850329913338
"SRS055513.SRX019685" 0.212565593966714 0.00327361191262915 0.784160794120657
"SRS043190.SRX019685" 0.00423937264200633 0.995453411084735 0.000307216273258549
"SRS020251.SRX019683" 0.836000158364508 0.000155711724695914 0.163844129910796
"SRS024165.SRX019683" 0.986580350370653 0.0131640051618419 0.000255644467505188
"SRS020312.SRX019684" 0.99301225366915 0.000471437266570147 0.00651630906427965
"SRS018084.SRX019683" 0.953894152615924 0.000274127137359236 0.0458317202467169
"SRS024462.SRX019684" 0.841877256786874 0.00710177111764578 0.15102097209548
"SRS020308.SRX019684" 0.996351179367517 0.00349437851013977 0.000154442122343299
"SRS013831.SRX019684" 0.935371039550721 0.0363365082842704 0.0282924521650084
"SRS017115.SRX019684" 0.854757775462563 0.00696522127363107 0.138277003263806
"SRS013819.SRX019684" 0.998999361756587 0.000813942982498158 0.000186695260915116
"SRS024159.SRX019683" 0.838284591139945 0.00270428091120222 0.159011127948852
"SRS017539.SRX019683" 0.999224194295012 0.000233350160500873 0.00054245554448678
"SRS017657.SRX019683" 0.986313805034705 0.00857894136098004 0.00510725360431491
"SRS024339.SRX019684" 0.928078441070445 0.0151035466583011 0.0568180122712542
"SRS021984.SRX019683" 0.999173911545103 0.000640175739600475 0.000185912715296313
"SRS017784.SRX019639" 0.995629571089417 0.000435348243894773 0.00393508066668831
"SRS018100.SRX019683" 0.473731016270922 0.000173069916058371 0.526095913813019
"SRS023621.SRX019683" 0.865982403760115 0.000145071006326155 0.133872525233559
"SRS020316.SRX019684" 0.0144417743385661 0.000146598219684944 0.985411627441749
"SRS017545.SRX019683" 0.221142087599422 0.000169914928932163 0.778687997471646
"SRS047787.SRX019685" 0.856887065922292 0.14266713652953 0.000445797548178651
"SRS021996.SRX019683" 0.234798291511553 0.000172371482102168 0.765029337006345
"SRS053096.SRX019685" 0.990604991454474 0.00022047091909889 0.00917453762642735
"SRS024645.SRX019687" 0.957644981183088 0.000518891583477725 0.0418361272334346
"SRS018258.SRX019687" 0.911348806741256 0.000574588266977215 0.0880766049917667
"SRS018451.SRX019684" 0.269197830492881 0.000458321446745037 0.730343848060373
"SRS020306.SRX019684" 0.966843503090108 0.00103688752504857 0.0321196093848429
"SRS020314.SRX019684" 0.0918462644824564 0.000521764955139135 0.907631970562405
"SRS016461.SRX019686" 0.943214489539147 0.00363128698116946 0.053154223479684
"SRS023561.SRX019686" 0.892257638705511 0.0976335607008304 0.0101088005936589
"SRS017402.SRX019683" 0.896790026065554 0.0010960371659413 0.102113936768505
"SRS024396.SRX019683" 0.990235038050387 0.0083246554945435 0.00144030645506895
"SRS017121.SRX019684" 0.999771195445102 0.000108199703412293 0.000120604851485968
"SRS017541.SRX019683" 0.998295203688373 0.00141402710217407 0.000290769209453016
"SRS016493.SRX019684" 0.987727670597721 0.0121466908852242 0.000125638517054625
"SRS016610.SRX019686" 0.121736365663557 0.000113401312300534 0.878150233024142
"SRS017290.SRX019686" 0.1211724694956 8.74174055049405e-05 0.878740113098896
"SRS023571.SRX019686" 0.127091927496898 0.000109773347868764 0.872798299155233
"SRS024108.SRX019686" 0.974156601815789 0.0203468520172943 0.00549654616691662
"SRS017357.SRX019687" 0.810624817338457 0.000749825124125234 0.188625357537418
"SRS017845.SRX019686" 0.242733694032562 0.000102085044936295 0.757164220922502
"SRS017090.SRX019687" 0.177414317246298 0.000385795594493194 0.822199887159208
"SRS017088.SRX019687" 0.24920099027635 0.000129435543854038 0.750669574179796
"SRS016604.SRX019686" 0.999732428435554 0.000102016520676296 0.000165555043770122
"SRS017292.SRX019686" 0.161370496220828 0.000265108645160971 0.838364395134011
"SRS024639.SRX019687" 0.966747791772752 0.00212152917473308 0.031130679052515
"SRS018264.SRX019687" 0.999465628296364 0.000115811985300283 0.000418559718335281
"SRS016476.SRX019686" 0.117142556019439 0.000104513260650278 0.882752930719911
"SRS017359.SRX019687" 0.99231553124937 0.00442894664003376 0.00325552211059615
"SRS017731.SRX019687" 0.00598346351190968 0.990511671825578 0.00350486466251226
"SRS017839.SRX019686" 0.999820485895084 8.47807700401467e-05 9.47333348754233e-05
"SRS017487.SRX019687" 0.0355477526240993 0.926766841524315 0.0376854058515854
"SRS024102.SRX019686" 0.831362790547935 0.00627458656821634 0.162362622883848
"SRS024637.SRX019687" 0.999699073717017 9.21983416234884e-05 0.000208727941359451
"SRS016473.SRX019686" 0.199474535326762 0.00048499352112427 0.800040471152114
"SRS024651.SRX019687" 0.240955836203899 0.000110419372774425 0.758933744423326
"SRS017345.SRX019687" 0.991258262173888 0.000452709944038742 0.00828902788207339
"SRS017471.SRX019687" 0.998819945157372 0.000232282595629541 0.000947772246998487
"SRS017080.SRX019687" 0.939422354772605 0.00231283323759187 0.0582648119898029
"SRS024124.SRX019686" 0.0245969373463004 0.965624881879346 0.00977818077435321
"SRS017078.SRX019687" 0.980261439279034 0.0193636871538549 0.000374873567110937
"SRS023553.SRX019686" 0.941075587583924 0.00566330375462279 0.0532611086614527
"SRS017479.SRX019687" 0.328676115926032 0.000267821774121598 0.671056062299846
"SRS016608.SRX019686" 0.191385253287123 7.95745608168492e-05 0.80853517215206
"SRS017735.SRX019687" 0.13742953607233 0.766583563391271 0.0959869005363985
"SRS024114.SRX019686" 0.389776255820218 0.00612121099247767 0.604102533187304
"SRS016606.SRX019686" 0.992703637142738 0.00187784927326744 0.00541851358399467
"SRS024118.SRX019686" 0.135145697635962 9.15149196551826e-05 0.864762787444383
"SRS017278.SRX019686" 0.999733771733181 0.000104602235276901 0.000161626031542147
"SRS016467.SRX019686" 0.998717255928682 0.000467303255518361 0.000815440815799502
"SRS017835.SRX019686" 0.998117170986609 0.000393744340500111 0.00148908467289138
"SRS018266.SRX019687" 0.999555201271052 0.000113054926608076 0.000331743802340331
"SRS016464.SRX019686" 0.999582806393971 0.000123269291188122 0.000293924314840613
"SRS023569.SRX019686" 0.0638122421735431 9.7489806769441e-05 0.936090268019687
"SRS017274.SRX019686" 0.966286107376408 0.00210639197471791 0.0316075006488739
"SRS018274.SRX019687" 0.281479836238611 0.000474650473178455 0.718045513288211
"SRS017475.SRX019687" 0.999596891141318 0.000141366658149717 0.000261742200531986
"SRS024633.SRX019687" 0.876351255656523 0.000461458488895336 0.123187285854581
"SRS024130.SRX019686" 0.227573475100167 0.718734937848971 0.0536915870508623
"SRS017084.SRX019687" 0.756027435190927 0.00126286693778147 0.242709697871292
"SRS017481.SRX019687" 0.289565091405826 0.452236561675999 0.258198346918175
"SRS017072.SRX019687" 0.89635943669396 0.00369615459653709 0.0999444087095027
"SRS024112.SRX019686" 0.905596237166902 0.000156173316453018 0.0942475895166446
"SRS017302.SRX019686" 0.297464870451908 0.701685516828902 0.000849612719190496
"SRS018272.SRX019687" 0.998496462382612 0.000147996177232672 0.00135554144015483
"SRS017351.SRX019687" 0.999571845484711 0.000298554964923203 0.000129599550365359
"SRS018098.SRX019686" 0.999603109334156 0.000181212084339971 0.000215678581504232
"SRS024643.SRX019687" 0.999766886014423 0.000100872569414249 0.000132241416162424
"SRS016592.SRX019686" 0.753607040750335 0.145744427096095 0.100648532153569
"SRS017363.SRX019687" 0.234773306974959 0.000121794730097007 0.765104898294944
"SRS024649.SRX019687" 0.176148640516549 0.000128302300889193 0.823723057182562
"SRS017727.SRX019687" 0.175212813580431 0.000527583733250592 0.824259602686318
"SRS017086.SRX019687" 0.982371951020047 0.00350959144918889 0.0141184575307636
"SRS024641.SRX019687" 0.837382399098655 0.00208028004482442 0.160537320856521
"SRS017491.SRX019687" 0.189813879754859 0.782529121518341 0.0276569987267994
"SRS024110.SRX019686" 0.960239334776202 0.00221343416443588 0.0375472310593618
"SRS017282.SRX019686" 0.987588033154272 0.0121667870804883 0.000245179765239601
"SRS017843.SRX019686" 0.998575373928512 0.00122431896123043 0.000200307110257601
"SRS017467.SRX019687" 0.999631390020347 0.000174427273076487 0.000194182706576484
"SRS017353.SRX019687" 0.776278225177261 0.218592454097807 0.00512932072493196
"SRS016600.SRX019686" 0.993003859317722 0.00653354649315842 0.000462594189119847
"SRS017829.SRX019686" 0.904322724213326 0.0032379499360383 0.0924393258506356
"SRS017361.SRX019687" 0.37313873486034 0.000763111506296822 0.626098153633363
"SRS018497.SRX019687" 0.983247265669339 0.000109757870935832 0.0166429764597255
"SRS017477.SRX019687" 0.999646460445909 0.000116395156576003 0.000237144397515407
"SRS017463.SRX019687" 0.848957526738393 0.000377300715976654 0.15066517254563
"SRS017489.SRX019687" 0.144127886139076 0.775352619130727 0.0805194947301972
"SRS017725.SRX019687" 0.183064132634135 0.000493703216786448 0.816442164149078
"SRS016458.SRX019686" 0.950683953016736 0.0147830484705902 0.0345329985126735
"SRS017469.SRX019687" 0.999136769777642 0.000622798474600665 0.000240431747757381
"SRS018276.SRX019687" 0.299625942622734 0.000553407819744408 0.699820649557521
"SRS017837.SRX019686" 0.998234087000063 0.00037497749595707 0.00139093550398031
"SRS017230.SRX019688" 0.152933780492313 0.000638004852210967 0.846428214655476
"SRS016761.SRX019688" 0.906488710006916 0.0100150696695907 0.0834962203234938
"SRS016777.SRX019688" 0.236916495137877 0.000649087659082026 0.762434417203041
"SRS013510.SRX019689" 0.932910910863551 0.049184817099583 0.0179042720368662
"SRS016424.SRX019688" 0.326000256754681 0.000538322473823409 0.673461420771496
"SRS016426.SRX019688" 0.193592719252311 0.000482839529585631 0.805924441218103
"SRS018378.SRX019688" 0.99695315653352 0.000430184573244943 0.00261665889323548
"SRS054837.SRX019688" 0.974821088391261 0.000430739485119309 0.0247481721236201
"SRS017535.SRX019689" 0.998221160339259 0.00126775326031676 0.000511086400424144
"SRS016428.SRX019688" 0.0673184778827876 0.880771101398906 0.0519104207183065
"SRS017655.SRX019689" 0.922848076604414 0.0400803088621241 0.0370716145334621
"SRS018386.SRX019688" 0.998831212676138 0.000418594615129914 0.000750192708732356
"SRS017902.SRX019688" 0.327007630357104 0.000469809498714757 0.672522560144181
"SRS024232.SRX019689" 0.168588961515095 0.000234291897782309 0.831176746587123
"SRS047113.SRX019688" 0.216564576813035 0.000556890620710805 0.782878532566255
"SRS017894.SRX019688" 0.933421036335805 0.00456384506957418 0.0620151185946212
"SRS045129.SRX019688" 0.249286048259677 0.65991697215922 0.0907969795811032
"SRS016416.SRX019688" 0.705370749795121 0.0104125421364458 0.284216708068433
"SRS018394.SRX019688" 0.225865633586438 0.000472401966920141 0.773661964446642
"SRS018396.SRX019688" 0.471081441786139 0.000566219850980195 0.528352338362881
"SRS017904.SRX019688" 0.250440432142885 0.000453682808402178 0.749105885048713
"SRS016414.SRX019688" 0.920100114671562 0.0357582382092065 0.0441416471192312
"SRS017898.SRX019688" 0.976629403178567 0.00462272783526219 0.0187478689861712
"SRS016773.SRX019688" 0.997668704942023 0.000598907787134249 0.00173238727084278
"SRS051483.SRX019691" 0.999188341021885 0.000103020487923126 0.000708638490191617
"SRS016769.SRX019688" 0.998799901549051 0.000490914423505244 0.000709184027443717
"SRS020366.SRX019691" 0.977304272031985 0.000543085891555196 0.0221526420764595
"SRS022107.SRX019690" 0.98502286892247 0.00457039245426073 0.0104067386232692
"SRS016672.SRX019691" 0.181888070226517 0.776844551620393 0.0412673781530904
"SRS013652.SRX019690" 0.991915768910927 0.00575241227993478 0.00233181880913805
"SRS018335.SRX019691" 0.998181455000669 0.00131701337500284 0.000501531624328589
"SRS020364.SRX019691" 0.997626174424566 0.000228326939888986 0.00214549863554512
"SRS023942.SRX019690" 0.146616990553299 0.769062383267089 0.0843206261796127
"SRS021508.SRX019690" 0.157998605328945 0.000106236145787163 0.841895158525268
"SRS023938.SRX019690" 0.328963379444014 9.19627119163171e-05 0.67094465784407
"SRS017029.SRX019691" 0.200321788749208 0.000450742955420144 0.799227468295372
"SRS017020.SRX019691" 0.994087078028412 0.0015431987371841 0.00436972323440353
"SRS018329.SRX019691" 0.989074419194774 0.000156808277246204 0.0107687725279799
"SRS020374.SRX019691" 0.494061788243911 0.000324121805661321 0.505614089950428
"SRS013654.SRX019690" 0.955946121139835 0.000135212902733609 0.0439186659574311
"SRS018343.SRX019691" 0.00162893466563955 0.994604824687609 0.00376624064675141
"SRS043792.SRX019691" 0.999820973252695 8.57770818139643e-05 9.32496654908362e-05
"SRS013646.SRX019690" 0.707669049028451 0.00018434872142679 0.292146602250122
"SRS023940.SRX019690" 0.332916063191179 9.01740298203158e-05 0.666993762779001
"SRS017959.SRX019690" 0.33409234781628 9.29727047512713e-05 0.665814679478969
"SRS013723.SRX019690" 0.306984061800411 0.000118524622107731 0.692897413577482
"SRS023932.SRX019690" 0.991929262667133 0.000168807568409922 0.00790192976445697
"SRS021520.SRX019690" 0.11685698819445 0.86908486859764 0.0140581432079104
"SRS018321.SRX019691" 0.97152744270779 8.68456534742176e-05 0.0283857116387354
"SRS022117.SRX019690" 0.463248736843194 0.0001088424103757 0.536642420746431
"SRS013664.SRX019690" 0.187471733564569 9.88756494275198e-05 0.812429390786004
"SRS022119.SRX019690" 0.352277742714878 0.00024278914613638 0.647479468138986
"SRS057362.SRX019691" 0.999583879067028 0.000126574548290364 0.000289546384681153
"SRS016663.SRX019691" 0.997566427017759 0.00108271387731905 0.00135085910492221
"SRS020370.SRX019691" 0.992923769208412 0.00208763876026322 0.00498859203132509
"SRS017023.SRX019691" 0.985178449937494 0.014161855035616 0.000659695026890181
"SRS016654.SRX019691" 0.998291153307671 0.000602008884311375 0.00110683780801735
"SRS017014.SRX019691" 0.999516147384618 0.000320585669047392 0.000163266946335073
"SRS017035.SRX019691" 0.0256395969526919 0.967012749055501 0.00734765399180742
"SRS013741.SRX019690" 0.00731687930332784 0.964305342773851 0.0283777779228211
"SRS023936.SRX019690" 0.998981212808317 0.0004447497793336 0.000574037412349146
"SRS023928.SRX019690" 0.997219019891861 0.00259444355876986 0.00018653654936902
"SRS013720.SRX019690" 0.999627538091012 0.00016906670269148 0.00020339520629659
"SRS024036.SRX019690" 0.905861775085938 0.00010319045806833 0.0940350344559937
"SRS017847.SRX019691" 0.515829190083631 0.00126176474725259 0.482909045169117
"SRS020368.SRX019691" 0.999777476868311 8.82493306290387e-05 0.000134273801060347
"SRS021496.SRX019690" 0.999749156140493 9.83402360578132e-05 0.000152503623448721
"SRS018331.SRX019691" 0.9989856587582 0.000919831224076313 9.45100177240817e-05
"SRS016642.SRX019691" 0.893193241587729 0.000527109005145619 0.106279649407125
"SRS013729.SRX019690" 0.245399755078161 0.000118002221315228 0.754482242700524
"SRS020885.SRX019691" 0.99971462776698 0.00013694027877126 0.000148431954248511
"SRS017044.SRX019691" 0.024347312143129 0.975308782053453 0.000343905803417826
"SRS018327.SRX019691" 0.998143031958936 0.0016921810442701 0.000164786996794234
"SRS020376.SRX019691" 0.664701622035678 0.00013576404659164 0.335162613917731
"SRS016684.SRX019691" 0.0138478151884875 0.971631304245075 0.0145208805664378
"SRS016660.SRX019691" 0.990032966448905 0.000101538723273631 0.00986549482782122
"SRS022101.SRX019690" 0.927693612343391 0.000319757520009309 0.0719866301366001
"SRS020362.SRX019691" 0.999483276699197 9.3415777516522e-05 0.00042330752328672
"SRS017943.SRX019690" 0.827263009622643 0.000116225377198482 0.172620765000158
"SRS021500.SRX019690" 0.999653865241001 0.000134324463808776 0.000211810295190154
