"1" "2" "3" "4"
"PM1:20080107" 0.00104974736239159 0.402498015478665 0.583407122983614 0.0130451141753289
"PM1:20080108" 0.00268955470745913 0.692103403438133 0.304795072272209 0.000411969582199339
"PM1:20080114" 0.00060420351669931 0.998276480252624 0.000735765596489283 0.000383550634187223
"PM1:20071211" 0.000559595522321987 0.00065154836317293 0.00108960841997541 0.99769924769453
"PM1:20080121" 0.000856725470008249 0.994241474080477 0.00444982997122674 0.000451970478288309
"PM1:20071217" 0.000202637234819624 0.000514717266028208 0.944865960741039 0.0544166847581137
"PM1:20080128" 0.000343534075940967 0.999086674509762 0.000364546099760062 0.000205245314536497
"PM1:20080204" 0.000329641427561289 0.601924664463009 0.397518820651629 0.000226873457801214
"PM1:20080211" 0.00482608993284638 0.986599943024666 0.00784811001982359 0.000725857022663831
"PM1:20080218" 0.00147511292969444 0.9926130511327 0.00465807128617179 0.00125376465143395
"PM1:20080225" 0.000429032283807261 0.99600885785778 0.00101313487440297 0.00254897498400963
"PM1:20080303" 0.00171249720746738 0.959507954536729 0.0381582751157713 0.000621273140032251
"PM10:20080107" 0.0014417196610201 0.579554803090328 0.41261538548963 0.00638809175902194
"PM10:20080108" 0.446099688832331 0.292091143146813 0.247402377177687 0.0144067908431685
"PM10:20080114" 0.995733603991129 0.00174277185140782 0.00018870348810736 0.00233492066935604
"PM10:20071211" 0.00731694554964023 0.000950392686127483 0.0169107587219853 0.974821903042247
"PM10:20080121" 0.989723489367631 0.00856184745908978 0.00142710996242512 0.000287553210854099
"PM10:20071217" 0.859333148966481 0.000194370118597026 0.140020833366022 0.000451647548900014
"PM10:20080128" 0.999101289860402 0.000389651586572512 0.000258652016499329 0.000250406536526186
"PM10:20080204" 0.963751965512771 0.0351783199475554 0.000584905246184616 0.00048480929348895
"PM10:20080211" 0.998640620728057 0.000440817103515973 0.000564654357926344 0.000353907810500778
"PM10:20080218" 0.997329762266796 0.000885806470147581 0.000879525802897649 0.000904905460158159
"PM10:20080225" 0.996832806493077 0.00107514171002065 0.0017971053496101 0.000294946447292121
"PM10:20080303" 0.998334383192021 0.000933516467015148 0.000376240768154107 0.000355859572809391
"PM11:20080107" 0.000875645917273981 0.871813685574926 0.126596091172022 0.000714577335778133
"PM11:20080108" 0.000774441390795871 0.791828504260914 0.207056730242444 0.000340324105846543
"PM11:20080114" 0.00599256733580069 0.759562983331595 0.23406187427823 0.00038257505437386
"PM11:20071211" 0.000609612613919216 0.000511980240030532 0.16171370211839 0.837164705027661
"PM11:20080121" 0.00305294913658012 0.915083727533369 0.08141497839683 0.000448344933220589
"PM11:20071217" 0.000651057270394314 0.00755756537143112 0.990801529229188 0.000989848128986425
"PM11:20080128" 0.0085410859420416 0.982073840716951 0.00920934882493561 0.000175724516072074
"PM11:20080204" 0.00821737773807905 0.909374735796639 0.0819168905963546 0.000490995868927272
"PM11:20080211" 0.00041459140873634 0.985989935035569 0.0132873437786219 0.000308129777072219
"PM11:20080218" 0.00046959570665509 0.991830003967134 0.00677486043067613 0.000925539895534937
"PM11:20080225" 0.000397524694992619 0.996527710534216 0.000942717847749017 0.00213204692304226
"PM11:20080303" 0.000442083995630977 0.971904339413292 0.0273082590799888 0.000345317511088019
"PM12:20080107" 0.00807905683867215 0.470216180613462 0.52071772374229 0.000987038805576265
"PM12:20080108" 0.40289307862635 0.595857867390686 0.000919938257720204 0.00032911572524426
"PM12:20080114" 0.9967395694265 0.00140593945459639 0.00142704590144103 0.000427445217462822
"PM12:20080121" 0.987708803943243 0.011528945254313 0.000388504469158479 0.000373746333285841
"PM12:20071217" 0.00649822913869118 0.253606868463074 0.383872693594988 0.356022208803247
"PM12:20080128" 0.95655085775272 0.0421283728568828 0.000943038975620232 0.000377730414776869
"PM12:20080204" 0.7460605654706 0.0771691713692923 0.176518834108316 0.000251429051791579
"PM12:20080211" 0.968856601575697 0.0223106715749546 0.00827221445070264 0.000560512398645876
"PM12:20080218" 0.984620660270613 0.0142188712181724 0.00054846040556629 0.000612008105648456
"PM12:20080225" 0.98644789429147 0.0113091689402471 0.000607168972076638 0.00163576779620657
"PM12:20080303" 0.988350427249004 0.00927936017856817 0.000977056822555981 0.00139315574987149
"PM2:20080107" 0.0215040039576508 0.498091598516763 0.477574997016663 0.00282940050892368
"PM2:20080108" 0.0174809402525427 0.30960249934482 0.672310188574623 0.000606371828014306
"PM2:20080114" 0.000630158011999978 0.601900994704984 0.396992046271651 0.000476801011365007
"PM2:20071211" 0.000481937649368809 0.000508526032489872 0.000831571092290676 0.998177965225851
"PM2:20080121" 0.000864670155888679 0.856263868541839 0.142189737347561 0.000681723954710675
"PM2:20071217" 0.00505726860075221 0.000877353857473856 0.963250162866379 0.0308152146753944
"PM2:20080128" 0.000976320567916905 0.803592665531895 0.194896900153011 0.000534113747176352
"PM2:20080204" 0.000636982007862308 0.516805044757866 0.482051972696621 0.000506000537650731
"PM2:20080211" 0.00052969012589602 0.457488736608289 0.541590377454287 0.000391195811528526
"PM2:20080218" 0.000285783146446449 0.509389138042048 0.490036404222362 0.000288674589143267
"PM2:20080225" 0.000639867471546806 0.811788957385242 0.187047749761541 0.000523425381669794
"PM2:20080303" 0.000624208669755189 0.477481165878161 0.521453698450516 0.000440927001567588
"PM3:20080107" 0.0150246156723162 0.372088819420567 0.593366084266317 0.0195204806407991
"PM3:20080108" 0.00210089635460435 0.658329240201381 0.338995962709824 0.000573900734190623
"PM3:20080114" 0.00308205329735672 0.733695280507753 0.26264816646045 0.000574499734440682
"PM3:20071211" 0.000410683653602761 0.000335524331737244 0.000719947189440895 0.998533844825219
"PM3:20080121" 0.000841368411360682 0.994563231454325 0.00253162418555413 0.00206377594876049
"PM3:20071217" 0.000142799752778862 0.000226993169716988 0.987329602617547 0.0123006044599572
"PM3:20080128" 0.000648300239667706 0.779600799164704 0.219520081016654 0.000230819578974219
"PM3:20080204" 0.000426814727775388 0.785983715851826 0.213252065128872 0.000337404291526623
"PM3:20080211" 0.000539656514245155 0.838304370894195 0.160744499342809 0.000411473248750918
"PM3:20080218" 0.000978333005490254 0.775344369558284 0.221682853883706 0.00199444355252023
"PM3:20080225" 0.000938037687194794 0.568019616510783 0.430558353598529 0.000483992203493485
"PM3:20080303" 0.0010154313219226 0.705743332598166 0.292636131879371 0.000605104200540282
"PM4:20080107" 0.00275832429008821 0.400794545909248 0.596006185959955 0.000440943840709285
"PM4:20080108" 0.00184814726620181 0.359764422983711 0.637897555554558 0.00048987419552899
"PM4:20080114" 0.00395908130058702 0.994966249604833 0.000506863011671834 0.000567806082908321
"PM4:20080121" 0.000366639533028827 0.966770561544077 0.0326079993653171 0.000254799557576832
"PM4:20071217" 0.000468368236433344 0.000558221597151716 0.991995615417127 0.00697779474928746
"PM4:20080128" 0.000746599352669275 0.998533504144526 0.000446083825270775 0.000273812677533726
"PM4:20080204" 0.000571717117968987 0.924153832802507 0.0746944400357464 0.000580010043777249
"PM4:20080211" 0.00305840683370978 0.92383209490036 0.0720752444405627 0.00103425382536754
"PM4:20080218" 0.000638183547639762 0.994100254997649 0.00224908839145639 0.00301247306325501
"PM4:20080225" 0.00144281178751973 0.99733190419 0.000461509623325229 0.00076377439915465
"PM4:20080303" 0.00436466407775665 0.92719812871899 0.0681938926614013 0.000243314541851964
"PM5:20080107" 0.00527524499261102 0.469358638332895 0.52469622896089 0.000669887713604067
"PM5:20080108" 0.577852312967568 0.316578453859373 0.00212999600615623 0.103439237166903
"PM5:20080114" 0.988036106196976 0.00221395484015557 0.000216971084132886 0.00953296787873533
"PM5:20071211" 0.00092820898600746 0.00126074797080708 0.000808774830127843 0.997002268213058
"PM5:20080121" 0.985981657710552 0.0129960769782226 0.000582791016579466 0.00043947429464584
"PM5:20071217" 0.000423480832414774 0.000755472106882973 0.997880492125935 0.000940554934767242
"PM5:20080128" 0.996319069667756 0.0032155092174121 0.000272453872068171 0.000192967242763501
"PM5:20080204" 0.972712163868139 0.0229186049125251 0.00397601033940566 0.000393220879930336
"PM5:20080211" 0.998553983261436 0.000763754478439362 0.000350381908634743 0.000331880351489785
"PM5:20080218" 0.982775397584197 0.00369053916474777 0.013253781924635 0.000280281326420026
"PM5:20080225" 0.992480072277078 0.00283281415656767 0.00431749162421367 0.00036962194214068
"PM5:20080303" 0.811168447804108 0.182076102410589 0.00625201485587216 0.000503434929430542
"PM6:20080107" 0.00105933194218914 0.513431620148193 0.48511074084407 0.000398307065548075
"PM6:20080108" 0.555096087544773 0.177500263353464 0.26555806933988 0.00184557976188313
"PM6:20080114" 0.999415790204408 0.000198818931744203 0.000181423093874059 0.000203967769974164
"PM6:20080121" 0.999079458797459 0.000334185942123012 0.00032148630253321 0.000264868957884498
"PM6:20071217" 0.00551405790297714 0.00075587271859681 0.981980951476076 0.0117491179023497
"PM6:20080128" 0.999300585304132 0.000215440160041167 0.000206258791300307 0.000277715744526781
"PM6:20080204" 0.999223069292475 0.000343657694752297 0.000222191076733598 0.000211081936039415
"PM6:20080211" 0.975984615364592 0.00100652099212935 0.0212238429615225 0.00178502068175586
"PM6:20080218" 0.998159720522226 0.00110169790126904 0.000420523159836665 0.000318058416668051
"PM6:20080225" 0.998932538184495 0.000498580914563661 0.000255500685817455 0.000313380215123455
"PM6:20080303" 0.996434869562939 0.00050783642530858 0.000248414973254308 0.00280887903849819
"PM7:20080114" 0.00268632959054729 0.0796403422998459 0.827910743296309 0.0897625848132976
"PM7:20071211" 0.00123915002459813 0.000507251979853559 0.000514578173498145 0.99773901982205
"PM7:20080121" 0.0171814045504025 0.24168982965435 0.696987495533575 0.0441412702616726
"PM7:20071217" 0.00707024044263778 0.000832128028077151 0.984908794920765 0.00718883660851956
"PM7:20080128" 0.0141680916520514 0.112292182581528 0.868814264594258 0.00472546117216237
"PM7:20080204" 0.00399431245484731 0.131988225431368 0.852439150452251 0.0115783116615336
"PM7:20080211" 0.00415806582281553 0.182633341336708 0.812671228571322 0.000537364269154838
"PM7:20080218" 0.0118379730876366 0.410594906165223 0.576221133356467 0.0013459873906738
"PM7:20080225" 0.00203607406348458 0.321258342420118 0.675883354709241 0.000822228807156668
"PM7:20080303" 0.28246787295761 0.103168652951929 0.614025191431665 0.000338282658795402
"PM8:20080107" 0.000799050154133778 0.620947338639309 0.377783102664879 0.00047050854167789
"PM8:20080108" 0.489547959097199 0.509354929390239 0.000422797242938481 0.000674314269623677
"PM8:20080114" 0.985251630611543 0.00248327460991662 0.00697657454670822 0.00528852023183186
"PM8:20071211" 0.000480316758632656 0.000437458419908087 0.0546427998010378 0.944439425020421
"PM8:20080121" 0.999246440998915 0.000300745291075548 0.000226859913022305 0.000225953796986916
"PM8:20071217" 0.000459574861404393 0.000695675992286777 0.998230302153193 0.000614446993115892
"PM8:20080128" 0.933275436120998 0.000757590160028867 0.0652257133433247 0.000741260375648954
"PM8:20080204" 0.976299853150359 0.00944632278095492 0.0136692134601847 0.00058461060850149
"PM8:20080211" 0.998994680547087 0.000352468386979074 0.000315356528085907 0.000337494537848065
"PM8:20080218" 0.998238846937044 0.00121408422354772 0.000356561015247256 0.000190507824160794
"PM8:20080225" 0.998721467700373 0.000772251188223619 0.000245697516552379 0.0002605835948507
"PM8:20080303" 0.983105253362815 0.0137353260174371 0.00287686514408461 0.00028255547566388
"PM9:20080107" 0.00271719364020008 0.863188403962028 0.133292654645157 0.000801747752614498
"PM9:20080108" 0.45980103321466 0.300163806572401 0.239692298593405 0.00034286161953457
"PM9:20080114" 0.996389288536475 0.000267432203855316 0.00264716054905641 0.00069611871061308
"PM9:20071211" 0.0023099391163088 0.00108637267518215 0.00102525559666389 0.995578432611845
"PM9:20080121" 0.997966877975253 0.000356345372459258 0.00101117227965795 0.000665604372630151
"PM9:20071217" 0.00114113755511243 0.223651324336939 0.774939788265011 0.000267749842937815
"PM9:20080128" 0.998271053203035 0.000482259928673242 0.000599507150081544 0.00064717971821043
"PM9:20080204" 0.990736658600154 0.0064953005287624 0.00138657295077238 0.00138146792031123
"PM9:20080211" 0.999091433591726 0.000219488708512442 0.000384985137956955 0.000304092561804525
"PM9:20080218" 0.843081007003115 0.00108501518340474 0.000513881590916855 0.155320096222564
"PM9:20080225" 0.984802549330241 0.0143886659809809 0.000361314958835842 0.000447469729942086
"PM9:20080303" 0.993350794954918 0.00536874358839368 0.000699604262475782 0.000580857194212981
