"1" "2" "3"
"PM1:20080107" 0.832236721506387 0.00141498310009766 0.166348295393515
"PM1:20080108" 0.875046468513555 0.0028848730198709 0.122068658466575
"PM1:20080114" 0.998719569336315 0.000750033414549282 0.000530397249135693
"PM1:20071211" 0.000597243311397021 0.0007824060600666 0.998620350628536
"PM1:20080121" 0.998002074112957 0.00124342961781565 0.000754496269227498
"PM1:20071217" 0.00906989266221078 0.00031833237074887 0.99061177496704
"PM1:20080128" 0.999206627466633 0.000463213065334708 0.000330159468032359
"PM1:20080204" 0.899571136621616 0.000417570056223488 0.100011293322161
"PM1:20080211" 0.994122373441748 0.00498924842610504 0.000888378132146712
"PM1:20080218" 0.996520191869237 0.00204697596779142 0.00143283216297134
"PM1:20080225" 0.998100851715665 0.000624931639551883 0.00127421664478329
"PM1:20080303" 0.995919665077813 0.0023461206221149 0.00173421430007258
"PM10:20080107" 0.865149131242206 0.00139336648500271 0.133457502272791
"PM10:20080108" 0.423787459233241 0.553347649585518 0.0228648911812413
"PM10:20080114" 0.00163028586545343 0.998034742487517 0.00033497164702992
"PM10:20071211" 0.000871976746735322 0.0108552247782291 0.988272798475036
"PM10:20080121" 0.00848304718133771 0.990511502042683 0.00100545077597907
"PM10:20071217" 0.00119192697723296 0.86642147426872 0.132386598754047
"PM10:20080128" 0.000485331496232759 0.999193711787384 0.000320956716382754
"PM10:20080204" 0.0334701953859321 0.965874883132543 0.000654921481525262
"PM10:20080211" 0.000594113835717835 0.998801827588313 0.000604058575968949
"PM10:20080218" 0.00118330843736274 0.997763210914193 0.00105348064844442
"PM10:20080225" 0.00149201752058033 0.997825405212914 0.000682577266505607
"PM10:20080303" 0.000716545120861227 0.998871927931837 0.000411526947301457
"PM11:20080107" 0.980943713692537 0.00110665744544782 0.0179496288620155
"PM11:20080108" 0.938675989040253 0.00100309386444153 0.0603209170953054
"PM11:20080114" 0.889444898835338 0.00617131657076343 0.104383784593898
"PM11:20071211" 0.000647500431214268 0.00120052861767442 0.998151970951111
"PM11:20080121" 0.990099216793938 0.0032988074702536 0.00660197573580848
"PM11:20071217" 0.127303318792595 0.000834531634648675 0.871862149572756
"PM11:20080128" 0.992612551989048 0.00702561728157423 0.000361830729377507
"PM11:20080204" 0.984169627794026 0.00902859453124281 0.00680177767473107
"PM11:20080211" 0.998777141199288 0.000545443828531068 0.000677414972180437
"PM11:20080218" 0.998496629461744 0.000678764632052311 0.000824605906203678
"PM11:20080225" 0.998447381335525 0.000519676510582888 0.00103294215389163
"PM11:20080303" 0.998435828704864 0.000565899297700742 0.000998271997435764
"PM12:20080107" 0.727861987066551 0.00538238906242415 0.266755623871025
"PM12:20080108" 0.602309732375716 0.397221534215724 0.000468733408560569
"PM12:20080114" 0.00150070827715532 0.997138008583015 0.00136128313982923
"PM12:20080121" 0.0095386558080407 0.990022225340134 0.000439118851825397
"PM12:20071217" 0.316237241854622 0.0106272221860167 0.673135535959361
"PM12:20080128" 0.044007175851012 0.955441481856085 0.000551342292902653
"PM12:20080204" 0.150455967062715 0.796499707731524 0.053044325205761
"PM12:20080211" 0.0269120083376109 0.970424367898251 0.00266362376413761
"PM12:20080218" 0.0127969655663611 0.986604783973456 0.000598250460183289
"PM12:20080225" 0.00870141522465838 0.990508705196961 0.000789879578380463
"PM12:20080303" 0.00865284000969213 0.989858378857862 0.00148878113244571
"PM2:20080107" 0.754357718699973 0.0175933172339311 0.228048964066096
"PM2:20080108" 0.534726588137503 0.0133092856689361 0.451964126193561
"PM2:20080114" 0.75884205780084 0.000780753871838748 0.240377188327321
"PM2:20071211" 0.000583568214026341 0.00092201881744866 0.998494412968525
"PM2:20080121" 0.94355568589265 0.0011416694575425 0.055302644649808
"PM2:20071217" 0.0394278127477535 0.00972756608109037 0.950844621171156
"PM2:20080128" 0.915793899999103 0.00131447611799081 0.0828916238829062
"PM2:20080204" 0.870935382325502 0.000917849428910215 0.128146768245588
"PM2:20080211" 0.721742612305562 0.000686475442382101 0.277570912252056
"PM2:20080218" 0.712336929261523 0.000370093084694612 0.287292977653782
"PM2:20080225" 0.906471847020607 0.00087016567621659 0.0926579873031767
"PM2:20080303" 0.596197091619472 0.000812755653636593 0.402990152726892
"PM3:20080107" 0.7113755636768 0.0138345645463539 0.274789871776847
"PM3:20080108" 0.841815389681636 0.00266187257987204 0.155522737738492
"PM3:20080114" 0.87589030785975 0.00355641699943046 0.120553275140819
"PM3:20071211" 0.000415802492934924 0.000873548115493374 0.998710649391572
"PM3:20080121" 0.997758296337164 0.00127729500375717 0.000964408659078771
"PM3:20071217" 0.0102977048594678 0.000218902508246647 0.989483392632286
"PM3:20080128" 0.971971573922118 0.000990019594860774 0.0270384064830215
"PM3:20080204" 0.969483412240559 0.000593915587000375 0.0299226721724404
"PM3:20080211" 0.983151920114039 0.000728161682106853 0.0161199182038541
"PM3:20080218" 0.866453136027587 0.00129599908663124 0.132250864885781
"PM3:20080225" 0.784303462489264 0.00107979602496934 0.214616741485766
"PM3:20080303" 0.844573574168469 0.00139214543548847 0.154034280396043
"PM4:20080107" 0.721891879561713 0.00295524918062062 0.275152871257667
"PM4:20080108" 0.580262153758525 0.00175702299995115 0.417980823241524
"PM4:20080114" 0.995228777870012 0.00419091547124731 0.000580306658740308
"PM4:20080121" 0.998993203124 0.000470748120524176 0.00053604875547592
"PM4:20071217" 0.00316485550833094 0.000646310787316141 0.996188833704353
"PM4:20080128" 0.998644610976469 0.000979794608553339 0.000375594414977626
"PM4:20080204" 0.997653117855866 0.000771836574379289 0.00157504556975488
"PM4:20080211" 0.992251342873996 0.00333070910530861 0.00441794802069539
"PM4:20080218" 0.996415300690577 0.000946337155827975 0.00263836215359527
"PM4:20080225" 0.997718812414886 0.00173705018063003 0.000544137404483542
"PM4:20080303" 0.99361271940757 0.00485795185242034 0.00152932874000981
"PM5:20080107" 0.779446423153458 0.00369987977093824 0.216853697075603
"PM5:20080108" 0.342019025855632 0.656270257470293 0.00171071667407527
"PM5:20080114" 0.00211732382810646 0.997453035406689 0.000429640765204448
"PM5:20071211" 0.000678981557706116 0.00287684889768633 0.996444169544608
"PM5:20080121" 0.0125205052182873 0.98696625798583 0.000513236795882752
"PM5:20071217" 0.0333540548487248 0.000688887051522113 0.965957058099753
"PM5:20080128" 0.00278619238639491 0.996920196510481 0.000293611103124068
"PM5:20080204" 0.0238598122248028 0.974024161846832 0.00211602592836554
"PM5:20080211" 0.000862757314634584 0.998713798804946 0.000423443880419507
"PM5:20080218" 0.00930304070578917 0.989729553733346 0.000967405560864301
"PM5:20080225" 0.00409077031879479 0.995008964906642 0.000900264774563201
"PM5:20080303" 0.187702602095645 0.811185008566304 0.00111238933805085
"PM6:20080107" 0.827815739100788 0.00107762137766259 0.17110663952155
"PM6:20080108" 0.339541001538574 0.650374799817102 0.0100841986443247
"PM6:20080114" 0.000261268615154447 0.99950447906925 0.000234252315595263
"PM6:20080121" 0.000450514005364456 0.999208891702282 0.000340594292353226
"PM6:20071217" 0.0222994285660174 0.00403542689182386 0.973665144542159
"PM6:20080128" 0.000278446980142202 0.999441155239436 0.000280397780422125
"PM6:20080204" 0.000426399422778858 0.999297359995606 0.000276240581615202
"PM6:20080211" 0.00151928348801659 0.98233999008698 0.016140726425003
"PM6:20080218" 0.00100826439075994 0.998543438694932 0.000448296914307605
"PM6:20080225" 0.000566252548111111 0.999092715417403 0.000341032034485625
"PM6:20080303" 0.000539706093130557 0.999057118551732 0.000403175355137171
"PM7:20080114" 0.254329908352047 0.00751303125091219 0.738157060397041
"PM7:20071211" 0.000910034946012267 0.00194486134426373 0.997145103709724
"PM7:20080121" 0.419458879688217 0.0181151246199999 0.562425995691783
"PM7:20071217" 0.0210296232166036 0.00974581826751098 0.969224558515885
"PM7:20080128" 0.291113505005764 0.0233754820547711 0.685511012939465
"PM7:20080204" 0.428578754698141 0.00533965299280737 0.566081592309052
"PM7:20080211" 0.373740408973138 0.00466077761943687 0.621598813407425
"PM7:20080218" 0.700571799242297 0.0124159492847484 0.287012251472954
"PM7:20080225" 0.524893982350257 0.00259311094279162 0.472512906706951
"PM7:20080303" 0.20680209917762 0.31244700120124 0.480750899621141
"PM8:20080107" 0.867394588666206 0.00106935394501743 0.131536057388777
"PM8:20080108" 0.447635461210372 0.552016256511424 0.000348282278203318
"PM8:20080114" 0.00235580114329281 0.987567721884703 0.0100764769720041
"PM8:20071211" 0.000487222630214541 0.00207906584356327 0.997433711526222
"PM8:20080121" 0.000375577473146318 0.99933258013047 0.000291842396383709
"PM8:20071217" 0.051775582577024 0.000669636599921013 0.947554780823055
"PM8:20080128" 0.00262512362138148 0.940397031005497 0.0569778453731212
"PM8:20080204" 0.0138643289877974 0.979508366278415 0.00662730473378785
"PM8:20080211" 0.00045959535063163 0.999139936055868 0.000400468593500236
"PM8:20080218" 0.00101785855512824 0.998696497308933 0.000285644135938994
"PM8:20080225" 0.000750918044745881 0.998933329341176 0.00031575261407845
"PM8:20080303" 0.0149623904809665 0.984167663863158 0.000869945655875756
"PM9:20080107" 0.987136922757668 0.00350058829485467 0.00936248894747775
"PM9:20080108" 0.448231753420295 0.550584662846501 0.00118358373320408
"PM9:20080114" 0.000426632483757305 0.99698891771604 0.00258444980020294
"PM9:20071211" 0.00115948605447964 0.00708117757852917 0.991759336366991
"PM9:20080121" 0.000448191022474874 0.99827004631349 0.00128176266403539
"PM9:20071217" 0.740856620487656 0.00211561538621758 0.257027764126126
"PM9:20080128" 0.000707649410642956 0.998344874575421 0.00094747601393572
"PM9:20080204" 0.00445264522300519 0.993493138533981 0.00205421624301336
"PM9:20080211" 0.000297463489285794 0.99912414177181 0.000578394738903926
"PM9:20080218" 0.0014912477875822 0.996966358630085 0.00154239358233326
"PM9:20080225" 0.0101210039385342 0.989417878941371 0.00046111712009518
"PM9:20080303" 0.00417457732935236 0.995111787054547 0.000713635616100977
