"1" "2" "3" "4" "5" "6" "7"
"SRS043704.SRX020690" 0.113161825324877 0.207441017491804 0.499653303828929 0.0693012610297645 0.0656901955676205 0.000567370922695283 0.0441850258343095
"SRS049355.SRX020682" 0.281760345595057 0.0800485536052604 0.574608818200218 0.00130926217601715 0.000915057703349134 0.00257644546665298 0.0587815172534446
"SRS019556.SRX020561" 0.107439319998912 0.0405613797238507 0.21661581116209 0.0463696623163219 0.438876576211495 0.14992374331239 0.00021350727493885
"SRS015198.SRX020561" 0.000418315153446522 0.0284365485911981 0.00114291585347582 0.000445224074664666 0.0699640544368919 0.899387228424328 0.000205713465994935
"SRS019679.SRX020561" 0.0900811027270781 0.000969998459510948 0.387608452370058 0.00253497707923088 0.00917527355649528 0.50113727843646 0.00849291737116711
"SRS015139.SRX020561" 0.00373516906377628 0.000852833380040396 0.000526817241784305 0.00200102370648979 0.000481707786878869 0.987713425161929 0.00468902365910136
"SRS015805.SRX020562" 0.0392003447798041 0.501535955759762 0.077266200449717 0.026126910953706 0.0383473535815411 0.284798941089161 0.032724293386309
"SRS019552.SRX020547" 0.281016460806404 0.361744689914246 0.0517670705297775 0.00440228221486308 0.0992757359669682 0.20144063102958 0.000353129538161799
"SRS019552.SRX020529" 0.227119922321084 0.288717111670552 0.246522493685971 0.000775775982765387 0.216237677612959 0.0203997583634183 0.000227260363251229
"SRS015192.SRX020529" 0.267814478674692 0.211757220503516 0.0302972648610584 0.003366441261997 0.374824863177467 0.111670506964597 0.000269224556672608
"SRS023019.SRX020682" 0.0712142632723201 0.0555798385617896 0.397736192814885 0.00361261453160545 0.432557393025877 0.000473471796609034 0.038826225996914
"SRS024545.SRX020682" 0.233051141628214 0.0304114928085142 0.691173152903405 0.00324037282691246 0.000327829296728545 0.0116073210667505 0.0301886894694758
"SRS042602.SRX020690" 0.0172463650138774 0.121933593020472 0.469921257774666 0.0339283269944311 0.12116370381293 0.00550313007826547 0.230303623305358
"SRS063268.SRX020548" 0.0765680838747339 0.0829020558579723 0.70819513841856 0.00746546881052818 0.00530739767331539 0.0936431146917875 0.0259187406731026
"SRS042360.SRX021470" 0.000607680270604766 0.000225169030301112 0.312320220289738 0.177189417678132 0.352467043738104 0.0521410727084063 0.105049396284714
"SRS065711.SRX022229" 0.000243972958282069 0.000325234789975524 0.267375329430348 0.362303930667497 0.135717481819593 0.0414294256837258 0.192604624650578
"SRS024365.SRX019684" 0.373726867600475 0.000863693076105396 0.270606335378528 0.0281952004437112 0.0479456362261344 0.00181204950713958 0.276850217767907
"SRS018555.SRX020529" 0.00173681921235033 0.00781493152197248 0.527210560951393 0.0197488801925446 0.000353763375233617 0.442384732545779 0.000750312200727686
"SRS055187.SRX020687" 0.116920053955693 0.50348539561615 0.324193196672403 0.00182104230591305 0.0499553888330043 0.000486781882381011 0.00313814073445612
"700014999.V35.241686" 0.440321025806593 0.000582327929662952 0.0107970591369591 0.0958762483212223 0.000497571250772864 0.0166865089565639 0.435239258598226
"SRS043187.SRX020686" 0.267197120409255 0.109037793830587 0.278388079152467 0.00268398789382394 0.320584723439589 0.0213749511420282 0.000733344132248872
"SRS045482.SRX020686" 0.219611899163614 0.411810657432454 0.206746376246489 0.00387059439754018 0.154185232464895 0.00282005304235472 0.000955187252653101
"SRS045403.SRX020690" 0.0418157085235781 0.0308234594122655 0.253429797345046 0.0195518682306539 0.286005756908676 0.00023572647272592 0.368137683107055
"SRS019498.SRX020529" 0.011982553819764 0.131929142273438 0.00635795466452502 0.0151480719651688 0.640114187622354 0.194231206506688 0.000236883148061782
"SRS020267.SRX019636" 0.132430065783139 0.0429342087782986 0.162789442199891 0.00157810970163682 0.656264036087583 0.000645661492285575 0.00335847595716603
"SRS017549.SRX019635" 0.0718648591230575 0.0463891209699831 0.371443769761136 0.00131703294365455 0.505563263990013 0.00295012857996272 0.000471824632194127
"SRS020263.SRX019636" 0.409993407182069 0.419978869045801 0.000510951252582433 0.000813249617681414 0.168002045044237 0.00036756240081549 0.000333915456813075
"SRS017549.SRX019636" 0.0455818132574951 0.0397863288044159 0.433800527633794 0.000843449461718499 0.473366466976872 0.00590722676147418 0.000714187104230724
"SRS020267.SRX019635" 0.0971845636397409 0.0137418755223508 0.157430849667465 0.0265206955736945 0.688159992648325 0.000641447131878375 0.0163205758165456
"SRS023768.SRX019681" 0.631686242535677 0.00133075695749606 0.29307613034528 0.00291998367133547 0.0698432186712632 0.00062254339245114 0.000521124426497065
"SRS020443.SRX019682" 0.609319458785415 0.00757271632149623 0.275571696529891 0.00599036294989729 0.000750207386507073 0.000476177610831214 0.100319380415962
"SRS058182.SRX019682" 0.396094032438432 0.537257260520937 0.000492291420566529 0.00146128612415843 0.0640506888902143 0.00036350036382462 0.000280940241867195
"SRS024363.SRX019684" 0.193663442916798 0.000977624742458121 0.410262479581442 0.00499981848348805 0.281245212080709 0.000420371673372696 0.108431050521732
"SRS024482.SRX019684" 0.24254002424474 0.161913642366954 0.000527902970065777 0.000931891022709745 0.593363421121817 0.000510677631233584 0.000212440642480903
"SRS017731.SRX019687" 0.216898186470688 0.548098209670801 0.000654944942321428 0.00138173475878722 0.122765132392735 0.000518237248574011 0.109683554516093
"SRS017487.SRX019687" 0.000424596567288951 0.000388592594934338 0.616188605785991 0.000525438828011846 0.147964178379683 0.0415344222162154 0.192974165627876
"SRS024124.SRX019686" 0.327996702376348 0.0196441581747982 0.082524757676883 0.0249578018032381 0.376216123160371 0.000303016282573604 0.168357440525787
"SRS016672.SRX019691" 0.000352276527233785 0.227260292793654 0.140888934310472 0.000491127997651174 0.43738377866832 0.0293481751900579 0.16427541451261
"SRS023942.SRX019690" 0.182472218611342 0.00140003125699976 0.00029670297617346 0.000894489175661176 0.761388547065795 0.000422367144505348 0.053125643769524
"SRS018343.SRX019691" 0.797411228763677 0.0682611407939471 0.0122132402551885 0.00635941754996381 0.0822222028198282 0.00720963637645257 0.0263231334409432
"SRS017035.SRX019691" 0.293066739247338 0.312160146406598 0.0237927816626868 0.00116220660395953 0.284678874532886 0.0113443004852153 0.0737949510613156
"SRS013727.SRX019690" 0.0791332604131661 0.0303120487218848 0.00114051122299451 0.0216135243402728 0.645732769635268 0.000637106394487343 0.221430779271926
"SRS023944.SRX019690" 0.303614272562089 0.0375363202600594 0.0340983476784825 0.00176235776834818 0.47842262384669 0.000509874319862774 0.144056203564467
"SRS024236.SRX019696" 0.831250748869529 0.00970087775377342 0.00144318137562156 0.00162973212621834 0.0758877801294714 0.000593561516119817 0.0794941182292663
"SRS022641.SRX019696" 0.0249787750437628 0.0534067487175256 0.156446501080496 0.00630939113589866 0.518096727553968 0.0161619650277652 0.224599891440584
"SRS016376.SRX019693" 0.110930846717913 0.011217897782511 0.850838718782516 0.0009257002213365 0.0248654600847833 0.000467347848435643 0.000754028562504033
"SRS022643.SRX019696" 0.000449601700498086 0.00346553664095941 0.203906749257628 0.000739100677995989 0.789257347213197 0.000541106082925011 0.00164055842679581
"SRS022637.SRX019696" 0.00114599522117226 0.284296888530999 0.361271266246733 0.00566754488289144 0.198544644110407 0.000276114688601911 0.148797546319195
"SRS022643.SRX019692" 0.0133371045481393 0.0143000370530065 0.221617292150934 0.00585327795368563 0.72143870860632 0.00070824473783328 0.0227453349500812
"SRS023942.SRX019698" 0.16976242567908 0.00274546731796379 0.000397643368477139 0.000925663983578635 0.734370388110113 0.000450657256434449 0.0913477542843524
"SRS016883.SRX019696" 0.818464571180306 0.0375399346047461 0.128545224986509 0.00206119299390901 0.00324104711882916 0.000656401783476442 0.00949162733222466
"SRS023204.SRX019696" 0.435193885725798 0.459911037784111 0.000760197742961439 0.00338445949117884 0.0386800711113211 0.000405950084555838 0.0616643980600741
"SRS022639.SRX019696" 0.000568947468139926 0.858197179880455 0.0020947489043498 0.00127995884077799 0.136759839679224 0.00038709744166346 0.000712227785389083
"SRS023942.SRX020204" 0.251309753425002 0.0131429853191974 0.00029347618888766 0.000852493844349483 0.690855884975317 0.000324213540738929 0.0432211927065068
"SRS022639.SRX019692" 0.000569561311510384 0.916409465404955 0.00159981888328287 0.000891740356665249 0.0795580429046722 0.000453304017437149 0.000518067121477308
"SRS044714.SRX020217" 0.288059474703316 0.00196577327201602 0.474211607275063 0.00118178088846792 0.229298801007681 0.00431679314294493 0.000965769710510919
"SRS023768.SRX020198" 0.441013587731079 0.03393147227505 0.348548156648274 0.00238658859646443 0.162821732134235 0.0107265292852221 0.000571933329675579
"SRS024659.SRX020208" 0.292599894516304 0.00135608033341252 0.673756149116955 0.00121464368901885 0.00754381739809565 0.0230191978503233 0.000510217095890678
"SRS016376.SRX020205" 0.207982468862764 0.0193471218287562 0.730808707878813 0.0016265979779007 0.0271778644908099 0.0111219313531092 0.00193530760784692
"SRS024058.SRX020198" 0.415681045983472 0.11788337126553 0.000813045802742585 0.0112348815020049 0.453169981804796 0.000454247826653653 0.000763425814801323
"SRS019554.SRX020560" 0.256192268408354 0.366322979208113 0.175454260847132 0.00144808253221013 0.119013718763362 0.0562384006042485 0.0253302896365802
"SRS015196.SRX020561" 0.0113848102252045 0.000236239161287934 0.000768384571678007 0.000438123565235403 0.000577132112050036 0.986253208150445 0.000342102214098763
"SRS014927.SRX020561" 0.0164096910356443 0.0130200298492803 0.000376157713699101 0.000503216915769051 0.580316755772338 0.389163116676313 0.000211032036956053
"SRS019558.SRX020561" 0.126248898593058 0.0275676720336544 0.229797470879447 0.0401736105757786 0.39991843630911 0.176101684708637 0.000192226900314863
"SRS019554.SRX020561" 0.217105288107882 0.505523046536941 0.188725274927161 0.0032443335897663 0.026797401774939 0.0583144691256784 0.000290185937633116
"SRS015196.SRX020582" 0.0103935275896629 0.000281826961434417 0.000699737728112762 0.000949148183020177 0.00175414453103419 0.985544256449672 0.000377358557063435
"SRS019554.SRX020582" 0.245240450909763 0.538034731823448 0.123711759316794 0.00132629765671422 0.0515865098311413 0.0397170170252761 0.000383233436863123
"SRS019677.SRX020561" 0.16518242804708 0.475324504213601 0.202290860694828 0.00174976858614904 0.0600682496419315 0.0951619853562139 0.000222203460196464
"SRS019677.SRX020582" 0.146538232527799 0.618327151592027 0.164827005245504 0.00564033259801423 0.0129691563355444 0.0513856446780539 0.000312477023057829
"SRS019005.SRX020510" 0.0672413973331292 0.00324136319997894 0.418339493911686 0.00717988960386064 0.427279210703853 0.0760418559677606 0.000676789279731672
"SRS019005.SRX020520" 0.0549456983664512 0.0163829906222813 0.418964691887938 0.00226812410818295 0.438038491543477 0.0689022555302446 0.000497747941425686
"SRS011551.SRX020668" 0.318598285563878 0.000605825745910924 0.000259285242081141 0.000477675787030489 0.000524157938405096 0.000288760462938328 0.679246009259756
"SRS017189.SRX020571" 0.19894541580911 0.0410401785559212 0.0587949104051658 0.00879082790428492 0.0323158709465533 0.248603366001084 0.411509430377881
"SRS019552.SRX020551" 0.354243899816783 0.327372829744029 0.150275503828789 0.00143601412687449 0.166019679927074 0.000388613638385211 0.000263458918065263
"SRS019554.SRX020551" 0.270941507021816 0.398518562431493 0.167217291355449 0.00114657531883824 0.161568891078089 0.000301250844212648 0.000305921950102462
"SRS019552.SRX020557" 0.3487450694321 0.329447461715882 0.102626481556357 0.00337705122118382 0.0371692512852625 0.1783238162253 0.000310868563914674
"SRS016052.SRX020566" 0.00826026918626765 0.000904498185970317 0.288248904508554 0.000676147698551627 0.13026839642245 0.495492370952007 0.0761494130461992
"SRS015860.SRX020566" 0.136976354702607 0.000686240725224712 0.233130175284209 0.00217445601694788 0.00217301143404508 0.596194074354314 0.0286656874826515
"SRS057750.SRX020524" 0.383909452234475 0.301933428510426 0.204762859383602 0.0676251216081039 0.0200101346807671 0.0215369994424852 0.000222004140140975
"SRS047456.SRX020549" 0.355717379533437 0.0320946696116454 0.133574044450481 0.023114058274271 0.209956684128828 0.167081734238669 0.0784614297626688
"SRS054358.SRX020549" 0.1167768702259 0.190753192959478 0.00101090769381488 0.0583407569690029 0.230211207298588 0.344032338611464 0.0588747262417528
"SRS053553.SRX020549" 0.240697743501715 0.554968200398719 0.000480918952905091 0.00275803356201035 0.00042893827773363 0.200361752548563 0.000304412758354529
"SRS018958.SRX020529" 0.5582999312816 0.0958691417407261 0.0124432545045665 0.0056202852192568 0.235211205127257 0.0844000196504389 0.00815616247615435
"SRS019308.SRX020529" 0.444507652434188 0.170287860653534 0.268204328643222 0.00116058197059819 0.0500812882521412 0.0654349157001356 0.00032337234618119
"SRS018860.SRX020529" 0.0382946189275105 0.613614136604049 0.264479934146266 0.00123404988341518 0.000618856956034418 0.0813172314604536 0.000441172022271919
"SRS019627.SRX020529" 0.0636865297611152 0.000896405087187436 0.117501918232797 0.0423182561494919 0.118275157275023 0.656999662436818 0.000322071057566907
"SRS018698.SRX020529" 0.590011023750495 0.00248292586389855 0.341542673658259 0.00155652243874254 0.0229849844962749 0.0409558434292691 0.000466026363061041
"SRS014927.SRX020529" 0.104826954892559 0.000703849434632167 0.0252656156636079 0.000510448241393261 0.63574427957169 0.232381217298208 0.000567634897909753
"SRS063964.SRX020517" 0.0518942934736654 0.198487681193999 0.00135059093715993 0.086621072140673 0.567724766049319 0.093677607315446 0.000243988889738146
"SRS065533.SRX020517" 0.000317797099352446 0.000186365238293222 0.000179651076224901 0.000241483313911796 0.998691541381529 0.000229729959698262 0.000153431930990018
"SRS053393.SRX020527" 0.90287738602476 0.000551752015996974 0.000847699798498678 0.00271393929185952 0.0667462301105458 0.000516784042110383 0.0257462087162284
"SRS014879.SRX020566" 0.182276881906733 0.134819938581569 0.00176895200188462 0.00118938945954224 0.373463680509286 0.186519133453223 0.119962024087762
"SRS044071.SRX020524" 0.656211870931703 0.21831323934537 0.0674930743736277 0.0556055464535734 0.00155312698568952 0.000540718967085547 0.00028242294295173
"SRS023017.SRX020679" 0.428549188685714 0.333277983577606 0.0628647984333554 0.00216513280698845 0.169478285909625 0.00316935812145942 0.000495252465252292
"SRS057843.SRX020524" 0.486027405284691 0.340790072643698 0.021879289368183 0.112931301957601 0.0377261984226289 0.000388555144899535 0.000257177178298329
"SRS021569.SRX020679" 0.321327501104087 0.164584289460736 0.0622178015849812 0.00338454354209189 0.441981171936364 0.00168036302566015 0.00482432934607962
"SRS022444.SRX020680" 0.796917861590212 0.00397992306136054 0.00138308283807521 0.00114421212235703 0.147119520291456 0.00136753344205683 0.0480878666544822
"SRS023881.SRX020681" 0.382448857309617 0.377467482504873 0.118415757871642 0.0682878358864947 0.00619216544375508 0.00316967084672963 0.0440182301368889
"SRS047925.SRX020681" 0.792553431562339 0.0640688872068823 0.0687066035047165 0.00225600912880517 0.0452637570091537 0.000657901725995136 0.0264934098621079
"SRS021631.SRX020682" 0.0924132881021822 0.331499563386322 0.140624269369442 0.00118136055260773 0.110606993513492 0.000694186502368729 0.322980338573585
"SRS020151.SRX020682" 0.40856140251138 0.0431267748366147 0.265414156572349 0.020462792484507 0.0145033805791518 0.0008572080651203 0.247074284950877
"SRS021575.SRX020683" 0.0352630388095573 0.00607886736539869 0.000609037354201654 0.0164009980175234 0.940875818814823 0.000290218686493789 0.000482020952002461
"SRS044141.SRX020684" 0.0705956497544025 0.415066868270306 0.00162387225344868 0.00112765881376583 0.117582968813277 0.00053290483207281 0.393470077262727
"SRS058765.SRX020684" 0.23271060794902 0.54895895192091 0.0196378347647674 0.000924718188950311 0.197252442941429 0.000268144594968359 0.000247299639955685
"SRS058390.SRX020684" 0.658493415111808 0.21222184587157 0.0327305998034263 0.0758519334473019 0.00208028677750287 0.000368285753401981 0.018253633234989
"SRS053457.SRX020685" 0.182424176176658 0.541285305121984 0.000588652432033704 0.00530410633829798 0.269706093803327 0.000384859424221891 0.000306806703476804
"SRS042235.SRX020685" 0.158883387704543 0.782842701146301 0.00110243733140803 0.00200970970947324 0.0532149407641356 0.000391717508949696 0.00155510583519017
"SRS046835.SRX020685" 0.0999986719625981 0.188622038013425 0.00236310667050672 0.00172767241876357 0.706817337135097 0.000258344646937112 0.00021282915267337
"SRS046379.SRX020686" 0.0123472011030898 0.00222410102173297 0.659311799949189 0.000589549651253123 0.295919755309663 0.0181989608254776 0.011408632139594
"SRS058273.SRX020686" 0.243081218501288 0.126085722925032 0.0505313592007019 0.00281687357876414 0.48901637147263 0.00044842202572132 0.0880200322958622
"SRS047484.SRX020686" 0.498136581213419 0.115568300850194 0.120277985409289 0.00120872492452036 0.238588497723907 0.000404484426822956 0.0258154254518479
"SRS053138.SRX020686" 0.386358632226636 0.345226239002927 0.119626759903242 0.00118874238817832 0.107701346504958 0.000259504320238266 0.0396387756538198
"SRS055673.SRX020687" 0.184700923037903 0.28303897209525 0.446957441254661 0.00115637054894078 0.0728484168533088 0.0102497729705343 0.00104810323940263
"SRS050248.SRX020687" 0.205217487207337 0.273278347528868 0.465270811936897 0.00293776859635604 0.051944920898524 0.00116663947071401 0.00018402436130415
"SRS043241.SRX020687" 0.364064234584738 0.0168714350588129 0.329525017191075 0.0456635701853878 0.207110187031208 0.000648128665465856 0.036117427283313
"SRS043568.SRX020688" 0.0784801158460463 0.0399277362396363 0.706188477401136 0.0235322557212549 0.139968890591177 0.0114528044819997 0.00044971971874957
"SRS048865.SRX020687" 0.439317778158975 0.146847845590873 0.289198810637781 0.0153633002657063 0.0817067257946265 0.000445678040867767 0.0271198615111704
"SRS046089.SRX020688" 0.246958744568797 0.0758671673830345 0.49518540312866 0.0430242599109438 0.0564845528911056 0.000483861484960282 0.0819960106324988
"SRS053304.SRX020688" 0.022980496931777 0.0326495740823208 0.66822169768265 0.000793669995404084 0.248723753067578 0.000603832874002804 0.0260269753662666
"SRS063456.SRX020689" 0.0579919221906092 0.000982101330424635 0.507314562023669 0.111061437258058 0.248335702263267 0.0736882693325654 0.000626005601406125
"SRS042830.SRX020688" 0.23144400960395 0.145845411792707 0.494353656386215 0.0654864210258688 0.0477572146811571 0.00133012264501734 0.013783163865086
"SRS063488.SRX020689" 0.160439735157327 0.187225931839246 0.0284475939437514 0.00237396795672596 0.502624619542985 0.000504828778145936 0.118383322781819
"SRS063168.SRX020689" 0.267029837847052 0.169952571165063 0.00079929952775798 0.00365887063197921 0.0577106796546297 0.000340109051966773 0.500508632121552
"SRS064030.SRX020689" 0.488510634654139 0.0319232327473098 0.0711496646667109 0.0501174182219563 0.350071014082765 0.000418288862953314 0.0078097467641657
"SRS064312.SRX020689" 0.181491852121799 0.000508656087434396 0.347135669244656 0.0304293158703157 0.439444311938863 0.000395881252003714 0.000594313484927673
"SRS052599.SRX020690" 0.0238840074233731 0.0185903498826928 0.598394044656085 0.00231836590771165 0.355458367624236 0.000719556042909911 0.000635308462991823
"SRS046874.SRX020690" 0.216589212519555 0.157706480465405 0.194630543856164 0.00412497346731332 0.236063877478914 0.000251512195978323 0.190633400016671
"SRS058273.SRX020690" 0.168922749201593 0.101323248699479 0.151005458625832 0.00227158230445242 0.428914579319027 0.000394272430193182 0.147168109419423
"SRS056677.SRX020690" 0.0744011905720747 0.0159013468427793 0.493272685188036 0.0155259936266667 0.252683798817898 0.00588917190428135 0.142325813048264
"SRS043928.SRX020549" 0.514054209907872 0.0123493986146868 0.000872607844729274 0.054085311917724 0.325521384270738 0.0867052179352241 0.00641186950902617
"SRS048843.SRX020529" 0.179240027680256 0.0318550794952505 0.480081923545926 0.00132027025562869 0.221182667567161 0.0858757610901745 0.000444270365603652
"SRS018858.SRX020529" 0.00714885712166689 0.502037032429984 0.357255743816763 0.000832535633207129 0.0760751125901531 0.0563571731357535 0.000293545272471655
"SRS055888.SRX020527" 0.26316973797333 0.00171794924473895 0.597533366342673 0.005749505655415 0.101207885792813 0.0303551808372369 0.000266374153792583
"SRS015192.SRX020561" 0.144738758347204 0.13950366467967 0.0266841188587068 0.0783658889629563 0.233826432503847 0.376542159727123 0.000338976920493021
"SRS015198.SRX020582" 0.000456407235655141 0.000638857125869231 0.000668879640834575 0.00053246585912415 0.0460318486956296 0.951379547517747 0.000291993925139883
"SRS042958.SRX021470" 0.00125468506289612 0.000238142768777394 0.00112248798029823 0.181487100906095 0.766941906035381 0.0485824295117542 0.000373247734798146
"SRS023699.SRX022223" 0.00533884332338806 0.00141503470624694 0.000711415420005002 0.850581069185087 0.110005881135381 0.0311449183896136 0.000802837840277902
"SRS023137.SRX022226" 0.00366564652133228 0.160541327874731 0.000963225308328807 0.594074573088726 0.239708828906222 0.000633528083135987 0.00041287021752402
"SRS062733.SRX022229" 0.0516823308789067 0.00115664562797226 0.00143042887251381 0.6539712141175 0.28902628187776 0.00214666884188179 0.000586429783465547
"SRS062799.SRX022229" 0.000290869174838509 0.000311333606763532 0.0904922388184904 0.395413086788237 0.187264008070872 0.000508698774306768 0.325719764766492
"SRS046325.SRX022229" 0.000494843205033562 0.000232307095297293 0.175443311801705 0.273100116118414 0.394860472550996 0.0561463930409749 0.0997225561875794
"SRS063931.SRX022229" 0.000384560302302771 0.000296481909925539 0.275595678854688 0.391881261979997 0.264822761594017 0.000902229572390901 0.0661170257866789
"SRS065597.SRX022229" 0.0107246933801261 0.0208230205482525 0.000617268924045337 0.875400723852282 0.0913640045105948 0.000681350648163376 0.000388938136535833
"SRS021095.SRX022230" 0.000908645190570992 0.107544771965739 0.00225091842768436 0.885917154168732 0.00225393680827826 0.00061953093605292 0.000505042502942835
"SRS050217.SRX022238" 0.0703718164076282 0.000691468027018068 0.000422311232600996 0.509066033352195 0.417920830612546 0.00122810401478515 0.000299436353226493
"SRS042248.SRX022238" 0.00803806868118145 0.045799776910996 0.0220817339513059 0.37484128130862 0.547952802734999 0.000965792307956505 0.000320544104941494
"SRS058051.SRX022238" 0.00119538814282712 0.0533297916207181 0.00164403904682274 0.884542473584338 0.0371017886589576 0.0213018161298603 0.000884702816475767
"SRS051280.SRX022238" 0.000348451539100815 0.111853293620404 0.23499491953553 0.624015801857933 0.000994758476709545 0.000499777002182188 0.0272929979681407
"SRS043400.SRX022238" 0.000341279848184708 0.000493594026360959 0.000675123852768408 0.466428525690427 0.00134028066958789 0.000693687589781399 0.530027508322889
"SRS047507.SRX022238" 0.00449733694560418 0.224781123267547 0.000402034274865474 0.632758163932121 0.136333429820945 0.00091635513427124 0.000311556624646431
"SRS020954.SRX022233" 0.0275023084952442 0.164731532642383 0.0863195774915628 0.666819963770731 0.032582701694889 0.000658679966324174 0.0213852359388656
"SRS022257.SRX022233" 0.000184183437671769 0.000162405275414043 0.000289866972739542 0.0489920464004489 0.36349566868518 0.000402237659472302 0.586473591569074
"SRS021394.SRX022233" 0.00054118680716753 0.0631367316859348 0.000891061401104362 0.864004289267257 0.0705925547791422 0.000470270984000415 0.000363905075393156
"SRS055231.SRX022234" 0.0519273350363943 0.0283361010588268 0.000906316574453592 0.763869959369101 0.152982061904512 0.000636214781790317 0.00134201127492213
"SRS051696.SRX022234" 0.00224549795334677 0.00114162357519461 0.00112323784663169 0.829623103743959 0.164792208284829 0.000568087057201439 0.000506241538837223
"SRS057272.SRX022234" 0.000845888423967858 0.000349633204534801 0.000268974223801507 0.0840899568897383 0.913521303154362 0.000590580673740107 0.000333663429855384
"SRS056107.SRX022234" 0.00159984316825064 0.308685164585992 0.00067615488481457 0.545477478631866 0.142509638744354 0.000516999794469285 0.000534720190252994
"SRS021820.SRX022231" 0.00125386160090062 0.141837582583368 0.159870827862985 0.658346642022147 0.0373076488150073 0.000857345044332462 0.000526092071259797
"700015480.V35.241665" 0.801244795219074 0.000597191415664948 0.000809972786551809 0.0380912797049309 0.157760971359241 0.000737414787520288 0.000758374727017617
"700014996.V35.241686" 0.0765617034333684 0.010645272864919 0.0193679980102763 0.247541501124186 0.264527766634469 0.000453089880774147 0.380902668052007
"700033022.V35.241834" 0.000976063410596934 0.310162105815061 0.000802495101396808 0.521571917892042 0.0445986566845067 0.115451882501966 0.00643687859443024
"SRS018218.SRX019639" 0.390272429661696 0.179171864586055 0.259309592750454 0.156814759285795 0.0135529836235229 0.000493389824850219 0.000384980267626318
"SRS024122.SRX019686" 0.478720018315078 0.000619568104303792 0.0557561412950572 0.0042857715279778 0.22851810753765 0.000430659976911598 0.231669733243022
"SRS017371.SRX019687" 0.0719400134695774 0.103519351299472 0.821916925006922 0.000970669760303982 0.00060881094565736 0.000394096426005642 0.00065013309206189
"SRS017485.SRX019687" 0.0567456747565992 0.205435824574514 0.328238679977126 0.105646206835394 0.280393766681474 0.00113480774350073 0.0224050394313914
"SRS022002.SRX019689" 0.178378212648925 0.000900052305564037 0.0436155482975316 0.0113862724544159 0.712489550438509 0.00925386629191478 0.0439764975631393
"SRS017032.SRX019691" 0.395800799905112 0.149994979385481 0.0446359852946677 0.00186689266968097 0.316726301491351 0.000563992561351446 0.0904110486923556
"SRS017963.SRX019690" 0.789667605868922 0.000654460941019807 0.00105156041613528 0.00105675614347949 0.181195261030618 0.0236548876845711 0.00271946791525402
"SRS021514.SRX019690" 0.558647264748078 0.274985121246407 0.00343989243360656 0.00307713734900996 0.0661928706138064 0.000587118568368377 0.0930705950407241
"SRS022123.SRX019690" 0.0595533781273459 0.71144003408133 0.00174439064092688 0.0301723635239496 0.0240124129145517 0.000506347925041735 0.172571072786854
"SRS024657.SRX019700" 0.369355251419172 0.00612506087811202 0.507172579158177 0.00308956950597995 0.103887310662645 0.00968603386593103 0.000684194509983262
"SRS024236.SRX019692" 0.786803177478388 0.000865285594307022 0.0258980144257663 0.00102575211350606 0.110124554985779 0.000424645741931663 0.0748585696603219
"SRS020447.SRX020205" 0.333809292077075 0.00152546500741341 0.293040867662924 0.0015915499202197 0.000625672515752346 0.0270497205738497 0.342357432242766
"SRS024657.SRX020213" 0.450105256993471 0.0220392938601065 0.369580675560354 0.00201630468578273 0.125883792766993 0.0299641589041378 0.000410517229154927
"SRS048843.SRX020561" 0.140607153272726 0.0163622437378167 0.48432319755646 0.0395901247969508 0.201506539058176 0.117389136278186 0.000221605299685036
"SRS045752.SRX020561" 0.251282933940078 0.0928039913368777 0.301949709158916 0.00212847669345005 0.0428337611947458 0.308702458505458 0.000298669170475225
"SRS011435.SRX020662" 0.0755292054420471 0.100072224064017 0.00104635639255176 0.00586730603508917 0.0611601490533589 0.295374613098179 0.460950145914757
"SRS011434.SRX020664" 0.000500753917763668 0.0849243005999154 0.000545322119704993 0.00120692498723645 0.0813445514865169 0.316205690620788 0.515272456268074
"SRS011435.SRX020664" 0.0578442789848673 0.0576903238546432 0.000708340885389056 0.00188570251133814 0.0361897878652043 0.31307277344043 0.532608792458128
"SRS011179.SRX020515" 0.388812782064528 0.0513198199940183 0.00543886300371011 0.000787286798302278 0.00342256939998433 0.129229652334772 0.420989026404685
"SRS019310.SRX020552" 0.428018044112182 0.00113968513913673 0.266427220021129 0.00125879783502622 0.291047760849643 0.0118158654090023 0.000292626633880531
"SRS019556.SRX020557" 0.17139188945134 0.0188152055207394 0.350831981423381 0.0275555914708914 0.305840460281724 0.12523845746036 0.000326414391563981
"SRS064960.SRX020549" 0.218247342867059 0.00101428672780132 0.6063692184777 0.0010013164105466 0.000726796219991045 0.172261923166731 0.00037911613017126
"SRS018964.SRX020529" 0.14763251511357 0.00542268441399991 0.114315221439945 0.000844765024717329 0.202440506999941 0.504026588570786 0.0253177184370413
"SRS018864.SRX020529" 0.000246475640090091 0.041528239612419 0.54115145437069 0.000395179783706556 0.0254860652539298 0.160207722777359 0.230984862561805
"SRS042716.SRX020529" 0.369026472566654 0.434895513186156 0.00173284240530909 0.000534835681764062 0.165982598435898 0.0275767947473614 0.000250942976857132
"SRS055001.SRX020527" 0.536584616117346 0.0683180466586394 0.330645454320381 0.0453890922800493 0.000583146214234587 0.0181278189254144 0.000351825483934631
"SRS062703.SRX020548" 0.00128405513892754 0.00027832063335565 0.349457340389905 0.0773060056416953 0.381630854475168 0.148274821870822 0.0417686018501275
"SRS063253.SRX020548" 0.00151940683682469 0.000407323834552124 0.325969237022717 0.00163257632062453 0.288364420033407 0.38126133991283 0.000845696039044188
"SRS011549.SRX020660" 0.490445980836502 0.065230552086287 0.00120171556966262 0.00106935282029654 0.0154542384787602 0.046789806784463 0.379808353424028
"SRS023015.SRX020679" 0.568939461409489 0.295231524868398 0.0807487357006626 0.00124807899155556 0.0530610021262272 0.000372482846188407 0.000398714057479098
"SRS022952.SRX020679" 0.00286741502346236 0.620053152326161 0.000548833856810696 0.00957239803026709 0.020679017296517 0.00065053890589268 0.345628644560889
"SRS023518.SRX020682" 0.292622298534611 0.340678623617197 0.158407226423092 0.0570742450427344 0.0271173383403963 0.000529893440675116 0.123570374601293
"SRS023017.SRX020683" 0.447576688176953 0.374703486802393 0.091233899891344 0.00341833043322306 0.0818830635492587 0.000863366028191241 0.000321165118637263
"SRS024539.SRX020682" 0.308802557560952 0.489721516736266 0.143678197169457 0.00113199624644374 0.0302769482648928 0.00210636916568499 0.0242824148563033
"SRS050385.SRX020688" 0.41476603167312 0.23346949667391 0.2351806297799 0.00572244814825022 0.109632644900581 0.000793550101153234 0.000435198723086242
"SRS049090.SRX020688" 0.00676260382857918 0.00929000176916619 0.750821518523061 0.00162592898610598 0.220663267715431 0.0103157366044964 0.000520942573159563
"SRS063154.SRX020689" 0.215252087004901 0.21201793879314 0.439051658190526 0.0619144000230824 0.00217930169596366 0.00039749702076869 0.0691871172716175
"SRS050224.SRX020549" 0.00152359266034517 0.260450218100249 0.00226297529962044 0.157929737386583 0.367299450489716 0.208909582833004 0.00162444323048266
"SRS051800.SRX020549" 0.764694624234363 0.0627580917432618 0.0786900059297703 0.00127896139900202 0.0785604382255505 0.0134522562943473 0.000565622173705004
"SRS056515.SRX020524" 0.687105752213978 0.2763859963411 0.000975487426683714 0.00375918667400916 0.0287649226287871 0.000574918163430092 0.00243373655201243
"SRS055354.SRX020527" 0.711690508680316 0.029739578596474 0.0516398760290623 0.00150073284213767 0.204485735180345 0.000598196279796083 0.000345372391869276
"SRS019500.SRX020552" 0.101112250135384 0.305032409686504 0.0281036042471206 0.00158801795230436 0.561251853438503 0.00239756210212483 0.000514302438059228
"SRS064620.SRX022229" 0.051536501345814 0.000850427647387364 0.000595882659806147 0.855928817483754 0.0642754486026166 0.00095039992131527 0.0258625223393064
"SRS049647.SRX022238" 0.0436151104664715 0.233176998649888 0.000633952216325145 0.705716149457773 0.0157002293586926 0.000685396798884282 0.000472163051965356
"SRS020956.SRX022233" 0.000465225469905113 0.157721550161379 0.0218537080637616 0.773519240506042 0.00127644384877314 0.00072566649883951 0.0444381654513002
"SRS051535.SRX022234" 0.127580673690478 0.00303477639590716 0.0411075203826919 0.801740743519634 0.0249954732716311 0.000505824901107252 0.001034987838551
"SRS054236.SRX022234" 0.352367988331786 0.00122785305902456 0.000866043022099166 0.642829577309626 0.00175860334788165 0.000501542293226372 0.000448392636356133
"700033025.V35.241834" 0.00044797654584784 0.470101097187724 0.000890614379715326 0.477420521902032 0.00886207283137016 0.020050740685651 0.0222269764676588
"SRS045536.SRX020527" 0.112070472305255 0.527307058393487 0.136574388312165 0.202711077721685 0.0175693531640422 0.000867756010250189 0.00289989409311588
"SRS047862.SRX020549" 0.661254369137978 0.279988091344728 0.000542265706834947 0.00069709952885622 0.000496542306231072 0.0566248038166123 0.000396828158759605
"SRS058328.SRX022238" 0.0719057555025716 0.00216139324192716 0.000753627639543242 0.923237749473572 0.00107265273621964 0.000456246353279031 0.000412575052887109
"SRS053713.SRX022238" 0.000387291694576138 0.0355378705939684 0.00217536555405355 0.914991215126607 0.000458038624726557 0.000311065972400002 0.0461391524336682
"SRS043159.SRX020686" 0.371688781306785 0.317489891660736 0.21017892245315 0.00148741894221226 0.00309355972139084 0.00554956219458929 0.0905118637211362
"SRS044714.SRX019682" 0.356301046819915 0.00450768303072994 0.455618968397287 0.0021340023251404 0.17438816610806 0.0065673544827504 0.000482778836117732
"SRS011611.SRX020662" 0.00347441585339241 0.171794112753789 0.111370476060478 0.115953568906408 0.093277275006722 0.470682658835973 0.0334474925832372
"SRS014452.SRX020557" 0.577852766704637 0.000666567255534958 0.000753158930705788 0.00623563075960287 0.000410281533736098 0.403411361255318 0.0106702335604647
"SRS050616.SRX020524" 0.1369191759028 0.757117340809123 0.00216076818982278 0.03887477520564 0.0638812803047159 0.000776288101458521 0.000270371486439053
"SRS043160.SRX022238" 0.000393513787150056 0.0151868642280197 0.210547988287309 0.716326298199227 0.000451595633288482 0.000511669435142081 0.0565820704298638
"SRS057305.SRX022238" 0.00675462551347523 0.0439087032859849 0.0195836912184326 0.615094552028206 0.3139764604813 0.000330536834598904 0.000351430638002793
"SRS014877.SRX020561" 0.682635983629024 0.00109607713493454 0.000839650290041196 0.00631673018739138 0.000442306334069753 0.260007037167075 0.0486622152574649
"SRS020149.SRX020680" 0.509107943646718 0.268259680178637 0.202874292057667 0.000962642069814443 0.018034691891276 0.000411299447795183 0.000349450708092636
"SRS049278.SRX020681" 0.769238031037263 0.224667758051452 0.00229184893614706 0.00188773077564386 0.000707716400498067 0.000545937871051679 0.000660976927944857
"SRS049434.SRX020684" 0.0808886675776962 0.0939760744753702 0.498349635333455 0.00053965513488799 0.251404743472299 0.000370000859433199 0.0744712231468583
"SRS054126.SRX022234" 0.000413431572195056 0.13569802389596 0.000833595165652413 0.551027793228192 0.000875084043766407 0.000469680015113304 0.310682392079121
"SRS018027.SRX019639" 0.612537231493019 0.0761582360698839 0.101639805144307 0.113221550677143 0.0957176497534752 0.000369220557374245 0.000356306304797394
"SRS017483.SRX019687" 0.37826422584769 0.0624454020900657 0.257107538665272 0.00227941077380562 0.0913225471018844 0.00233345016351397 0.206247425357768
"SRS024240.SRX019689" 0.383238525159132 0.00038069394741426 0.27890471412885 0.00173298604516664 0.0786604631393415 0.000550299106549172 0.256532318473546
"SRS017483.SRX020208" 0.349507246151194 0.0586237451705177 0.387306019633499 0.00447395982295205 0.010969562087997 0.00084144607405131 0.188278021059789
"SRS063933.SRX020549" 0.194500440803496 0.00114901729993191 0.538087215319458 0.010444760974117 0.160345276373716 0.0945426277720153 0.00093066145726536
"SRS043722.SRX020549" 0.391657919046099 0.000650526717141795 0.331411874680787 0.000876014745673686 0.238620577225379 0.0364801340714719 0.000302953513447159
"SRS064781.SRX020517" 0.405967328921697 0.0990359892077614 0.370888234956722 0.00106425345623155 0.0766178499149657 0.024411454470706 0.0220148890719163
"SRS049082.SRX020684" 0.222296843018352 0.604277053379844 0.0431516698726319 0.00144652616336225 0.000284428109036901 0.000490127949934448 0.128053351506839
"SRS063926.SRX020549" 0.623825503896723 0.138022633087827 0.221041253612242 0.0158389312123743 0.0004938002050949 0.000480173231884453 0.000297704753853715
"SRS056867.SRX020527" 0.125916116989883 0.00253086828463685 0.178726345764115 0.0867501336821829 0.551177179643111 0.0018769736351531 0.0530223820009188
"SRS046412.SRX022238" 0.00637894182606177 0.00583928626240217 0.0012086197266864 0.837138426529465 0.000536474702784864 0.000533574208324099 0.148364676744276
"SRS015807.SRX020562" 0.0825839369530768 0.388117776932996 0.0998643744153253 0.0446458816722195 0.00956541832597859 0.100712560563469 0.274510051136935
"SRS048741.SRX020549" 0.330326374731905 0.446182323059542 0.00228185125354428 0.00262715040839363 0.0320951726317522 0.186012605882836 0.000474522032026636
"SRS014237.SRX020561" 0.180012401354648 0.375934897627868 0.0955613037405306 0.00205463324880005 0.000301338441188328 0.091078949644932 0.255056475942032
"SRS014237.SRX020566" 0.175382483234837 0.359084028992284 0.104230805323285 0.000643683297882148 0.000322935779990218 0.10280266044106 0.257533402930662
"SRS046477.SRX019685" 0.179333908241369 0.550304467526978 0.000411025622837385 0.000664161400409478 0.117337254706315 0.000272914402174908 0.151676268099916
"SRS017371.SRX020208" 0.0691415321602761 0.0810435828003206 0.846876650693331 0.000953826876742427 0.000487206833676317 0.000473339577183514 0.00102386105847021
"SRS045406.SRX020560" 0.339111080410916 0.577921922739307 0.00127272793848986 0.023446349844689 0.0100932285552791 0.047880693741317 0.000273996770001848
"SRS019003.SRX020510" 0.543656105296984 0.00283406427313874 0.115185149762397 0.0736384265766842 0.0346405789078145 0.000583901845767624 0.229461773337214
"SRS064510.SRX020690" 0.189019667104854 0.416386338731243 0.386302975620558 0.000627082058723265 0.000384957146139055 0.0070337949129049 0.000245184425578256
"SRS044586.SRX022238" 0.000280137638735877 0.0729700642699736 0.27576981778061 0.64889666525578 0.000788887479164305 0.000237170960609744 0.00105725661512678
"SRS050307.SRX022234" 0.140788790588862 0.398651360700278 0.000760890291846415 0.449676534895968 0.0093525020503311 0.000410017770530943 0.000359903702184452
"700033180.V35.241783" 0.198341595256042 0.43842099760404 0.148319714620503 0.0032256943704076 0.0983514441700801 0.000333199158060173 0.113007354820867
"SRS019681.SRX020561" 0.118258230756982 0.183765153959891 0.378286905722976 0.00262032046474531 0.0122853900017665 0.304501704658733 0.000282294434906568
"SRS015137.SRX020561" 0.0233746242337999 0.362357658421992 0.00044092241031192 0.00192502752129028 0.000327470616066529 0.611304609930015 0.000269686866524318
"SRS015194.SRX020561" 0.00130484646917544 0.165465315121383 0.000674631556186923 0.183696149517567 0.115835992538417 0.485378074902943 0.047644989894328
"SRS014929.SRX020561" 0.0426255812620671 0.000413685940679111 0.000527038222257261 0.000967872943222523 0.0758323241103489 0.834348361949723 0.0452851355717022
"SRS015137.SRX020582" 0.000754391451448006 0.381705275163132 0.000485182790189212 0.000837613336049453 0.000385876035188616 0.615504426689285 0.000327234534708512
"SRS014883.SRX020566" 0.000729193789519514 0.000927654057729936 0.000720827053503216 0.000805906457346154 0.000648712164170515 0.832077147696569 0.164090558781161
"SRS042974.SRX020524" 0.80176389457133 0.00793210680049087 0.032337297643075 0.0899073898542024 0.00108103164776003 0.0665255565569826 0.000452722926159017
