"1" "2" "3"
"SRS015805.SRX020562" 0.0462084770213773 0.587762902655704 0.366028620322918
"SRS019552.SRX020547" 0.29841145428286 0.486655974299648 0.214932571417493
"SRS019552.SRX020529" 0.281144219386162 0.496615696160257 0.222240084453581
"SRS015192.SRX020529" 0.302241788552743 0.27418013080525 0.423578080642007
"SRS055187.SRX020687" 0.149874843420849 0.775822760679943 0.0743023958992081
"700014999.V35.241686" 0.526589999442667 0.0226208101906103 0.450789190366723
"SRS043187.SRX020686" 0.306522665846711 0.133236489382572 0.560240844770717
"SRS045482.SRX020686" 0.311414328180886 0.452915750009233 0.235669921809881
"SRS019498.SRX020529" 0.0156770120250166 0.132001496873412 0.852321491101571
"SRS017549.SRX019635" 0.0439326446973809 0.158238252965846 0.797829102336773
"SRS020263.SRX019636" 0.47654781838487 0.504467506849795 0.018984674765335
"SRS017549.SRX019636" 0.0281199922384074 0.234151283665578 0.737728724096015
"SRS020443.SRX019682" 0.753632220647556 0.115628655156005 0.130739124196439
"SRS058182.SRX019682" 0.441118282945461 0.557638073902466 0.00124364315207353
"SRS024482.SRX019684" 0.257564362601192 0.198080994639522 0.544354642759286
"SRS017731.SRX019687" 0.237018713017589 0.565475431432498 0.197505855549913
"SRS024124.SRX019686" 0.353096175076169 0.0862305558996506 0.56067326902418
"SRS016672.SRX019691" 0.000637258326707621 0.31920554191006 0.680157199763232
"SRS023942.SRX019690" 0.152120528478757 0.00148398061228818 0.846395490908955
"SRS018343.SRX019691" 0.875770723414745 0.0101059910847734 0.114123285500481
"SRS017035.SRX019691" 0.343836760638877 0.337669629879196 0.318493609481927
"SRS013727.SRX019690" 0.0487069007659886 0.0306797712378111 0.9206133279962
"SRS023944.SRX019690" 0.292248233442044 0.0233753601561608 0.684376406401796
"SRS024236.SRX019696" 0.939332575372402 0.00338836741458494 0.0572790572130134
"SRS022637.SRX019696" 0.00139081058484297 0.600522603849605 0.398086585565552
"SRS023942.SRX019698" 0.127759286680911 0.00156541383085971 0.87067529948823
"SRS016883.SRX019696" 0.959694330223694 0.0374937379388667 0.00281193183743888
"SRS023204.SRX019696" 0.48553863052472 0.511627340462805 0.00283402901247472
"SRS022639.SRX019696" 0.00132958368922001 0.995616203708984 0.00305421260179621
"SRS023942.SRX020204" 0.238388044339603 0.00127740400838588 0.760334551652011
"SRS022639.SRX019692" 0.00157961924436114 0.996794570981807 0.00162580977383237
"SRS024058.SRX020198" 0.468564353274037 0.169699806576981 0.361735840148982
"SRS019554.SRX020560" 0.300532552566873 0.526928312964556 0.172539134468571
"SRS014927.SRX020561" 0.014785219626378 0.0200475687068493 0.965167211666773
"SRS019554.SRX020561" 0.243204802678882 0.751611232090736 0.00518396523038235
"SRS019554.SRX020582" 0.254761314831599 0.713763440443914 0.0314752447244866
"SRS019677.SRX020561" 0.172423413006001 0.729686989544177 0.0978895974498228
"SRS019677.SRX020582" 0.151258362833399 0.846383020700822 0.00235861646577833
"SRS011551.SRX020668" 0.263564840816092 0.00103128150505851 0.73540387767885
"SRS019552.SRX020551" 0.380811410898957 0.511730490708794 0.10745809839225
"SRS019554.SRX020551" 0.311105112446905 0.582367107528775 0.106527780024321
"SRS019552.SRX020557" 0.379230412398637 0.466425289607869 0.154344297993494
"SRS057750.SRX020524" 0.48920098784038 0.508545184198798 0.00225382796082251
"SRS047456.SRX020549" 0.410457314145892 0.0343746455797712 0.555168040274337
"SRS054358.SRX020549" 0.122327115743796 0.156935310839053 0.720737573417151
"SRS053553.SRX020549" 0.269466897601842 0.600085209382592 0.130447893015567
"SRS018958.SRX020529" 0.635423971391604 0.0175933122579631 0.346982716350433
"SRS019308.SRX020529" 0.621764060708117 0.266199792862651 0.112036146429231
"SRS018860.SRX020529" 0.0170021095027065 0.939481075737621 0.0435168147596723
"SRS018698.SRX020529" 0.793438011966942 0.0578567830477702 0.148705204985288
"SRS014927.SRX020529" 0.0883818700618936 0.00159876941244768 0.910019360525659
"SRS053393.SRX020527" 0.99526069876066 0.00159627881488414 0.00314302242445539
"SRS014879.SRX020566" 0.18294471287418 0.108185191552348 0.708870095573472
"SRS044071.SRX020524" 0.77519107532609 0.223655827528116 0.00115309714579381
"SRS023017.SRX020679" 0.476907152625675 0.469907943764449 0.0531849036098756
"SRS057843.SRX020524" 0.644797066318715 0.353524008390572 0.00167892529071328
"SRS021569.SRX020679" 0.347052827587787 0.243937362499699 0.409009809912514
"SRS022444.SRX020680" 0.846050516453135 0.00290658707113654 0.151042896475728
"SRS023881.SRX020681" 0.463645658989769 0.474353769305664 0.0620005717045663
"SRS021631.SRX020682" 0.082347334572025 0.404440102832935 0.51321256259504
"SRS044141.SRX020684" 0.047638407154996 0.368911325747249 0.583450267097755
"SRS058765.SRX020684" 0.246519935112194 0.651441472333893 0.102038592553913
"SRS058390.SRX020684" 0.750719358397015 0.247464185846659 0.0018164557563253
"SRS053457.SRX020685" 0.225241429921496 0.599898857058936 0.174859713019569
"SRS042235.SRX020685" 0.165260656987722 0.832887346959751 0.00185199605252744
"SRS046835.SRX020685" 0.0850991678407226 0.239976263125895 0.674924569033382
"SRS058273.SRX020686" 0.283113071884548 0.0340503656206099 0.682836562494842
"SRS047484.SRX020686" 0.563048988691769 0.0937424955358887 0.343208515772343
"SRS053138.SRX020686" 0.468557194136528 0.429738163251733 0.101704642611739
"SRS055673.SRX020687" 0.220802015705324 0.553518180519402 0.225679803775274
"SRS050248.SRX020687" 0.224030782590234 0.773129696371971 0.00283952103779492
"SRS043241.SRX020687" 0.432208646294015 0.144311881008493 0.423479472697493
"SRS048865.SRX020687" 0.51369131563503 0.219737296063571 0.266571388301398
"SRS063488.SRX020689" 0.147701922211316 0.139307263168528 0.712990814620156
"SRS063168.SRX020689" 0.237610432027245 0.113902571971042 0.648486996001713
"SRS064030.SRX020689" 0.574182039859117 0.039740132005654 0.386077828135229
"SRS046874.SRX020690" 0.236635019055993 0.229812121093485 0.533552859850522
"SRS058273.SRX020690" 0.185705278405572 0.0829655821459145 0.731329139448513
"SRS043928.SRX020549" 0.567311356723661 0.0364482991578981 0.396240344118441
"SRS018858.SRX020529" 0.0232058264468826 0.819278194309974 0.157515979243143
"SRS015192.SRX020561" 0.198581479061556 0.191768090809326 0.609650430129117
"SRS042958.SRX021470" 0.0704935256510415 0.0019979381370891 0.927508536211869
"SRS023699.SRX022223" 0.305811877321953 0.388613886259239 0.305574236418808
"SRS023137.SRX022226" 0.260874556125626 0.558446804300883 0.180678639573491
"SRS062733.SRX022229" 0.422344876362081 0.0338788613443098 0.543776262293609
"SRS065597.SRX022229" 0.370496370325729 0.52427983416639 0.105223795507881
"SRS021095.SRX022230" 0.0429083264777613 0.954897825092453 0.00219384842978605
"SRS050217.SRX022238" 0.349974374532311 0.0954081051549653 0.554617520312723
"SRS042248.SRX022238" 0.150385328741171 0.152257154122023 0.697357517136806
"SRS058051.SRX022238" 0.330823896946946 0.463105777471004 0.20607032558205
"SRS051280.SRX022238" 0.0532723787162053 0.871376479629353 0.0753511416544413
"SRS043400.SRX022238" 0.0239970448592204 0.198727821458377 0.777275133682402
"SRS047507.SRX022238" 0.287036378291622 0.593634405976711 0.119329215731667
"SRS020954.SRX022233" 0.274730816283764 0.626818819851992 0.0984503638642435
"SRS021394.SRX022233" 0.119574544968577 0.870603376453154 0.00982207857826858
"SRS055231.SRX022234" 0.42391342790688 0.348639664478631 0.227446907614489
"SRS051696.SRX022234" 0.412381790940816 0.263613163009574 0.32400504604961
"SRS057272.SRX022234" 0.0388508291912596 0.00133139497330267 0.959817775835438
"SRS056107.SRX022234" 0.17727860884697 0.676481345346649 0.146240045806381
"SRS021820.SRX022231" 0.128702452441678 0.797866992070231 0.0734305554880904
"700015480.V35.241665" 0.981817823756619 0.0021443736870914 0.0160378025562899
"700014996.V35.241686" 0.163032891518575 0.0758985643838745 0.761068544097551
"700033022.V35.241834" 0.0640724093668341 0.669179209552322 0.266748381080844
"SRS018218.SRX019639" 0.572089180711433 0.425931448090963 0.00197937119760435
"SRS024122.SRX019686" 0.528264906530566 0.00985168642967068 0.461883407039764
"SRS017485.SRX019687" 0.0739200225496223 0.542675068982593 0.383404908467785
"SRS017032.SRX019691" 0.436195317759606 0.158977363445631 0.404827318794763
"SRS017963.SRX019690" 0.893557550610882 0.00205393137500993 0.104388518014108
"SRS021514.SRX019690" 0.654328111792316 0.244327525387467 0.101344362820218
"SRS022123.SRX019690" 0.0702682947128988 0.800711513306519 0.129020191980582
"SRS024236.SRX019692" 0.912086023073432 0.00217135280433661 0.0857426241222315
"SRS011435.SRX020662" 0.0657998229991882 0.0735474497590252 0.860652727241787
"SRS011434.SRX020664" 0.000918820077900196 0.0313295927775665 0.967751587144533
"SRS011435.SRX020664" 0.0106805476288805 0.00229512841441518 0.987024323956704
"SRS011179.SRX020515" 0.403444796879059 0.0446220001722423 0.551933202948699
"SRS019310.SRX020552" 0.661013829322927 0.086933201566238 0.252052969110835
"SRS042716.SRX020529" 0.407130086898295 0.550657732331117 0.0422121807705881
"SRS055001.SRX020527" 0.677239166646507 0.318687461804124 0.00407337154936988
"SRS011549.SRX020660" 0.491075587307437 0.0368791309970322 0.47204528169553
"SRS023015.SRX020679" 0.62840102286409 0.367314976445776 0.00428400069013451
"SRS022952.SRX020679" 0.00259829643101232 0.604070853164345 0.393330850404643
"SRS023518.SRX020682" 0.36190782400855 0.423757930566011 0.214334245425439
"SRS023017.SRX020683" 0.486128954291723 0.50392940268963 0.0099416430186467
"SRS024539.SRX020682" 0.359438250205787 0.638491070114461 0.0020706796797517
"SRS050385.SRX020688" 0.472463204314359 0.469184009290926 0.0583527863947152
"SRS063154.SRX020689" 0.368103364956997 0.44672167563391 0.185174959409094
"SRS050224.SRX020549" 0.00747076709671201 0.203922767226307 0.788606465676981
"SRS051800.SRX020549" 0.84891629436563 0.108772334598889 0.0423113710354814
"SRS056515.SRX020524" 0.737578791842831 0.260718043636035 0.00170316452113382
"SRS055354.SRX020527" 0.862830141281937 0.00759750470953955 0.129572354008523
"SRS019500.SRX020552" 0.228461923366495 0.281193947997867 0.490344128635638
"SRS064620.SRX022229" 0.526679330618961 0.284202001202117 0.189118668178923
"SRS049647.SRX022238" 0.260545734866137 0.700073779209471 0.039380485924392
"SRS020956.SRX022233" 0.112531629247899 0.681455254411026 0.206013116341075
"SRS051535.SRX022234" 0.592539418910695 0.257811930615866 0.14964865047344
"SRS054236.SRX022234" 0.846180912989164 0.151930266692174 0.00188882031866133
"700033025.V35.241834" 0.00173464077721249 0.909252464063591 0.089012895159196
"SRS045536.SRX020527" 0.214287680036582 0.781126442896438 0.00458587706698052
"SRS047862.SRX020549" 0.746464597374038 0.247649406372957 0.0058859962530056
"SRS058328.SRX022238" 0.623663945704455 0.372377272270197 0.00395878202534781
"SRS043159.SRX020686" 0.441408016468802 0.453059755529984 0.105532228001214
"SRS014452.SRX020557" 0.688631216969872 0.0184483479315078 0.29292043509862
"SRS050616.SRX020524" 0.153579890617025 0.844995408359398 0.0014247010235775
"SRS057305.SRX022238" 0.155379914702489 0.568504108616923 0.276115976680588
"SRS014877.SRX020561" 0.797259446639167 0.00376090278478501 0.198979650576048
"SRS020149.SRX020680" 0.632947324234409 0.364945034439564 0.00210764132602712
"SRS049278.SRX020681" 0.812096623602296 0.186370528139112 0.00153284825859194
"SRS054126.SRX022234" 0.00925173951923725 0.48719967352908 0.503548586951682
"SRS018027.SRX019639" 0.758809627078766 0.237490220428039 0.00370015249319443
"SRS017483.SRX019687" 0.438118046011942 0.206384130025426 0.355497823962632
"SRS017483.SRX020208" 0.384317730060275 0.273501731538934 0.34218053840079
"SRS064781.SRX020517" 0.576938387335095 0.262929305361527 0.160132307303378
"SRS049082.SRX020684" 0.24309233909313 0.662018109521194 0.0948895513856755
"SRS063926.SRX020549" 0.744044154002672 0.254231716718879 0.0017241292784484
"SRS046412.SRX022238" 0.364686525441764 0.304066163250365 0.33124731130787
"SRS015807.SRX020562" 0.0847240407844046 0.445742780727382 0.469533178488213
"SRS048741.SRX020549" 0.393677820354251 0.409984311274159 0.19633786837159
"SRS014237.SRX020561" 0.17075220415423 0.542544206275318 0.286703589570452
"SRS014237.SRX020566" 0.175619158108769 0.495795243172891 0.32858559871834
"SRS046477.SRX019685" 0.180437790095355 0.590439878512233 0.229122331392412
"SRS045406.SRX020560" 0.371227578827475 0.627389330201238 0.00138309097128688
"SRS019003.SRX020510" 0.647793963931804 0.061889964369618 0.290316071698578
"SRS044586.SRX022238" 0.00237157596606634 0.984314816980826 0.0133136070531078
"SRS050307.SRX022234" 0.402077634855066 0.596559981492882 0.00136238365205204
"700033180.V35.241783" 0.220390752566721 0.600306084042581 0.179303163390697
"SRS015137.SRX020561" 0.0745729630528802 0.256951324059062 0.668475712888058
"SRS015194.SRX020561" 0.0549781176557319 0.242621652465558 0.70240022987871
"SRS015137.SRX020582" 0.0030064116058931 0.268750759398655 0.728242828995452
"SRS042974.SRX020524" 0.937415377683123 0.0597595974941068 0.00282502482276988
"SRS014617.SRX020561" 0.0666580324531382 0.219100925477761 0.714241042069101
"SRS014827.SRX020561" 0.129208475055318 0.00121836346482206 0.86957316147986
"SRS022637.SRX019692" 0.00342813215622807 0.679304705993302 0.31726716185047
"SRS011641.SRX020515" 0.278034146973723 0.154339866333753 0.567625986692524
"SRS048785.SRX022234" 0.135365371815063 0.406347225622004 0.458287402562933
"SRS024361.SRX019684" 0.73226263356804 0.04209917704231 0.22563818938965
"SRS019705.SRX020529" 0.0232238853197018 0.550063309456527 0.426712805223771
"SRS011606.SRX020660" 0.434533451903093 0.557808005292981 0.00765854280392519
"SRS023635.SRX019635" 0.00229253678900937 0.99522768377898 0.00247977943201087
"SRS023635.SRX019636" 0.00433033457755663 0.993767316715193 0.00190234870725054
"SRS016883.SRX019692" 0.991800809776302 0.00655655302907248 0.00164263719462549
"SRS011608.SRX020660" 0.562661512483339 0.225219249664743 0.212119237851918
"SRS011608.SRX020668" 0.583450425972194 0.192435642859019 0.224113931168787
"SRS019180.SRX020552" 0.0571494344744094 0.941150871671873 0.00169969385371797
"SRS022510.SRX020680" 0.311108244792827 0.488077724540578 0.200814030666595
"SRS022508.SRX020682" 0.342249293530657 0.238458850784696 0.419291855684647
"SRS022510.SRX020683" 0.316966812518323 0.355096018600084 0.327937168881593
"SRS049278.SRX020683" 0.725594265258137 0.273033471333099 0.0013722634087639
"SRS051984.SRX020685" 0.234778778086999 0.617147811195439 0.148073410717562
"SRS052312.SRX020687" 0.277888048864323 0.721359419163701 0.000752531971976388
"SRS021818.SRX022233" 0.0330869316856168 0.490484815941812 0.476428252372571
"SRS017849.SRX019691" 0.353079074223928 0.00263000445647153 0.644290921319601
"SRS013727.SRX020218" 0.0690679211419541 0.0295160812863605 0.901415997571686
"SRS018163.SRX019682" 0.0010090833668899 0.11287247617935 0.88611844045376
"SRS017365.SRX019687" 0.396962945466705 0.467558330960311 0.135478723572985
"SRS020899.SRX019691" 0.402784146262461 0.466785705156877 0.130430148580663
"SRS023206.SRX019696" 0.684617304608575 0.12027423228015 0.195108463111275
"SRS015901.SRX020510" 0.986900031769826 0.0107384278934641 0.0023615403367103
"SRS011549.SRX020668" 0.402901316912954 0.000993976765763515 0.596104706321283
"SRS011640.SRX020515" 0.343691756382713 0.000857512317445288 0.655450731299841
"SRS062699.SRX020684" 0.617314772422327 0.285730811338978 0.0969544162386954
"SRS053434.SRX020684" 0.0392486116527281 0.686889059848206 0.273862328499066
"SRS044011.SRX020685" 0.273233069182977 0.00401908437613616 0.722747846440887
"SRS055821.SRX020549" 0.352806993340071 0.0837221914235723 0.563470815236357
"SRS013676.SRX019635" 0.558497202095086 0.0197926223061705 0.421710175598743
"SRS064351.SRX022238" 0.500499958626759 0.0603266475155946 0.439173393857647
"SRS021455.SRX022239" 0.451342316856416 0.402951171209118 0.145706511934467
"SRS017145.SRX019684" 0.680966514977183 0.00150497526479068 0.317528509758027
"SRS015444.SRX020545" 0.00157968042021889 0.252890872264748 0.745529447315033
"SRS023077.SRX020680" 0.36694697321781 0.623518601986014 0.00953442479617553
"SRS051170.SRX020524" 0.29830664776329 0.61869977451922 0.0829935777174907
"SRS045280.SRX020549" 0.652233234079157 0.00135815168786552 0.346408614232977
"SRS011474.SRX020668" 0.441760419348735 0.00167285690674509 0.55656672374452
"SRS065586.SRX020689" 0.572994307634856 0.424878669078717 0.00212702328642741
"SRS063700.SRX020689" 0.455349735833109 0.00130802681204117 0.54334223735485
"SRS017424.SRX019635" 0.993014464572551 0.00531534181885866 0.00167019360859041
"SRS022000.SRX019635" 0.992402989432252 0.00355200727059213 0.00404500329715604
"SRS020020.SRX019636" 0.857691946661019 0.140530188854016 0.00177786448496522
"SRS023633.SRX019635" 0.00433370999846203 0.994257632940135 0.00140865706140301
"SRS017424.SRX019636" 0.997141122198015 0.00149189297546055 0.00136698482652468
"SRS017671.SRX019635" 0.886789590526726 0.111978071540059 0.00123233793321563
"SRS024418.SRX019635" 0.922023434266419 0.0762623452437018 0.00171422048987982
"SRS022000.SRX019636" 0.995015264262876 0.00269687338764022 0.00228786234948365
"SRS020018.SRX019636" 0.997199378994086 0.00148897212201269 0.00131164888390196
"SRS020020.SRX019635" 0.842482395448714 0.153185477969498 0.004332126581789
"SRS020261.SRX019635" 0.514151494090399 0.428182944545712 0.0576655613638886
"SRS024179.SRX019635" 0.504442595516513 0.342061576918494 0.153495827564993
"SRS017422.SRX019635" 0.954417092254535 0.0439851453457655 0.00159776239969961
"SRS013676.SRX019636" 0.599465940748995 0.00280840100577347 0.397725658245231
"SRS024181.SRX019636" 0.993117806402949 0.00338011335834355 0.00350208023870693
"SRS020018.SRX019635" 0.996585235931112 0.00164290184259381 0.00177186222629433
"SRS024179.SRX019636" 0.483637654150195 0.279182029355126 0.237180316494679
"SRS024416.SRX019635" 0.991817013918202 0.00297249294291266 0.00521049313888535
"SRS020263.SRX019635" 0.433370020583908 0.431811866744915 0.134818112671177
"SRS024181.SRX019635" 0.960008819394431 0.0019788978609378 0.0380122827446313
"SRS017671.SRX019636" 0.895986165619328 0.10090231399682 0.00311152038385208
"SRS013258.SRX019639" 0.995804825173488 0.00161229948085391 0.00258287534565838
"SRS020261.SRX019636" 0.516933480043505 0.481194387415795 0.0018721325407001
"SRS018220.SRX019639" 0.460913502353409 0.53809577250354 0.000990725143050121
"SRS024596.SRX019639" 0.650143114860476 0.348583736744512 0.00127314839501216
"SRS018025.SRX019639" 0.53106658162281 0.465768834102834 0.00316458427435563
"SRS023633.SRX019636" 0.00198571942338171 0.996991986669155 0.00102229390746314
"SRS013261.SRX019639" 0.782091984950819 0.216812275572515 0.00109573947666621
"SRS024416.SRX019636" 0.994273385498471 0.00289071990940651 0.00283589459212235
"SRS024418.SRX019636" 0.988401432201931 0.00893851280679838 0.00266005499127063
"SRS017422.SRX019636" 0.936496070054255 0.0622749951086061 0.00122893483713854
"SRS024598.SRX019639" 0.852320122722086 0.146596901654343 0.00108297562357015
"SRS017794.SRX019639" 0.945247658719626 0.0498568062634274 0.00489553501694642
"SRS048122.SRX019682" 0.556457842460894 0.442223122828813 0.0013190347102931
"SRS016367.SRX019682" 0.459990383176726 0.537652843760903 0.00235677306237127
"SRS016370.SRX019682" 0.488191345195977 0.510076893619466 0.00173176118455698
"SRS020441.SRX019682" 0.861540979264278 0.00356750703306098 0.134891513702661
"SRS057212.SRX019682" 0.0124232064214613 0.986409131606516 0.00116766197202257
"SRS051731.SRX019682" 0.0704310491713126 0.927683196648827 0.00188575417986064
"SRS017792.SRX019639" 0.807796608620203 0.0510892886210232 0.141114102758773
"SRS024359.SRX019684" 0.597694919468664 0.103586475184791 0.298718605346546
"SRS020320.SRX019684" 0.434297084792407 0.283461534492103 0.282241380715489
"SRS020555.SRX019684" 0.746891660335197 0.176498175001305 0.0766101646634987
"SRS020318.SRX019684" 0.314807017844777 0.64488879632942 0.0403041858258031
"SRS020557.SRX019684" 0.6966636387804 0.00181607976742682 0.301520281452173
"SRS024484.SRX019684" 0.726761503946879 0.214100131393205 0.0591383646599159
"SRS017367.SRX019687" 0.370193182096717 0.578061956428112 0.0517448614751707
"SRS017296.SRX019686" 0.982607247210349 0.0133131081529953 0.00407964463665556
"SRS016482.SRX019686" 0.992690232064307 0.002856563660724 0.00445320427496889
"SRS023573.SRX019686" 0.725501005889046 0.273032217668351 0.00146677644260343
"SRS017729.SRX019687" 0.302206110357491 0.216020201453272 0.481773688189236
"SRS018280.SRX019687" 0.351554005371213 0.40531073492865 0.243135259700137
"SRS024653.SRX019687" 0.525596188500038 0.472660300175278 0.001743511324684
"SRS018278.SRX019687" 0.58024820460143 0.00434863455698977 0.41540316084158
"SRS024655.SRX019687" 0.617106377471847 0.267096998082235 0.115796624445918
"SRS023575.SRX019686" 0.746519701356077 0.251850903268442 0.00162939537548165
"SRS016615.SRX019686" 0.996477738624977 0.00192529559345883 0.00159696578156404
"SRS017094.SRX019687" 0.400882223310324 0.202673366277278 0.396444410412398
"SRS021998.SRX019689" 0.82284590017597 0.0020891282509283 0.175064971573101
"SRS016612.SRX019686" 0.996397456971366 0.00166717126012196 0.0019353717685122
"SRS017908.SRX019688" 0.932106255271379 0.0618758316368497 0.00601791309177142
"SRS017851.SRX019691" 0.519891230357545 0.0309783877123082 0.449130381930147
"SRS021512.SRX019690" 0.633570967238911 0.34940192923155 0.0170271035295384
"SRS017965.SRX019690" 0.580544889100214 0.00235705032885811 0.417098060570928
"SRS013668.SRX019690" 0.0525998528247597 0.505651135389369 0.441749011785871
"SRS022121.SRX019690" 0.283928826320681 0.566522582346614 0.149548591332704
"SRS013666.SRX019690" 0.227067328933296 0.538833493969322 0.234099177097382
"SRS020378.SRX019691" 0.0622564403878252 0.426528225816157 0.511215333796017
"SRS020380.SRX019691" 0.00276057584152859 0.659364288455808 0.337875135702664
"SRS016886.SRX019696" 0.995600638752423 0.00246602615874238 0.00193333508883483
"SRS022123.SRX019698" 0.0641416077877771 0.834464790586994 0.101393601625229
"SRS024293.SRX019692" 0.575102906056183 0.419809454649786 0.00508763929403029
"SRS024293.SRX019696" 0.503012833896574 0.49537369328142 0.00161347282200526
"SRS017296.SRX019699" 0.968482123679997 0.0165990363875657 0.0149188399324372
"SRS016886.SRX019692" 0.995177153546962 0.00202514519489815 0.00279770125813946
"SRS024295.SRX019696" 0.647921108715139 0.348406518874423 0.00367237241043872
"SRS024238.SRX019696" 0.870015991447639 0.00193126059350264 0.128052747958858
"SRS024295.SRX019692" 0.668255372552822 0.257394829431578 0.0743497980155997
"SRS024238.SRX019692" 0.943998810101585 0.00220530005795631 0.0537958898404584
"SRS018220.SRX020195" 0.29918181090106 0.698473291410266 0.00234489768867333
"SRS020899.SRX020199" 0.322175770007561 0.533284103513009 0.14454012647943
"SRS016944.SRX020198" 0.209036605268483 0.468398493619492 0.322564901112025
"SRS023999.SRX020198" 0.983708959645819 0.0127371432162928 0.0035538971378879
"SRS018343.SRX020199" 0.815639983157032 0.0174056991094998 0.166954317733468
"SRS023764.SRX020198" 0.994426651158373 0.0026640165249784 0.00290933231664844
"SRS023762.SRX020198" 0.89265910754814 0.10524782037131 0.00209307208054948
"SRS018278.SRX020208" 0.570796743113419 0.00441644173597277 0.424786815150608
"SRS018163.SRX020217" 0.00115538683370996 0.126739540211915 0.872105072954375
"SRS016367.SRX020217" 0.31362529776991 0.683640637925002 0.00273406430508809
"SRS022123.SRX020204" 0.195983581502272 0.799205259961897 0.00481115853583133
"SRS017963.SRX020218" 0.844491122859341 0.00189646822236695 0.153612408918293
"SRS014667.SRX020560" 0.707759516442935 0.145659202977746 0.146581280579319
"SRS049599.SRX020560" 0.993933393199129 0.00135359766183342 0.00471300913903805
"SRS049668.SRX020560" 0.554470700052714 0.44412169449906 0.00140760544822629
"SRS014450.SRX020560" 0.495454054243656 0.00348260848011041 0.501063337276234
"SRS045406.SRX020561" 0.410409872368374 0.584689258812084 0.0049008688195427
"SRS014239.SRX020561" 0.368667170471057 0.126684299774708 0.504648529754235
"SRS014970.SRX020561" 0.202622770854518 0.520386876214958 0.276990352930524
"SRS049668.SRX020561" 0.478837350270841 0.415220259864038 0.105942389865121
"SRS015283.SRX020561" 0.591580160636557 0.344693557431329 0.0637262819321149
"SRS044605.SRX020561" 0.34423955836076 0.610082013482691 0.0456784281565491
"SRS014925.SRX020561" 0.0840942320025853 0.0933934171076322 0.822512350889782
"SRS042716.SRX020561" 0.336254097755514 0.577295554424743 0.0864503478197436
"SRS015858.SRX020561" 0.483149095431213 0.281480799196805 0.235370105371981
"SRS014355.SRX020561" 0.540722431735104 0.00114071267750671 0.458136855587389
"SRS019552.SRX020561" 0.301273470217078 0.583622221536533 0.115104308246389
"SRS015285.SRX020561" 0.885324421892005 0.0802915245528882 0.0343840535551071
"SRS019675.SRX020561" 0.194299747162821 0.801198247643527 0.00450200519365173
"SRS049668.SRX020582" 0.641590562134168 0.27323221798503 0.0851772198808016
"SRS015858.SRX020582" 0.546637084835284 0.33956825033941 0.113794664825306
"SRS014925.SRX020582" 0.0308638468981853 0.0682932322353322 0.900842920866483
"SRS042716.SRX020582" 0.452328928579277 0.465946686224146 0.0817243851965774
"SRS014667.SRX020561" 0.905981058460355 0.0363822234022852 0.0576367181373598
"SRS019081.SRX020564" 0.0073736130916739 0.99041738246693 0.00220900444139603
"SRS019079.SRX020564" 0.233863078584565 0.763975932869108 0.00216098854632705
"SRS019079.SRX020545" 0.358485357900707 0.64020465941652 0.00130998268277283
"SRS015442.SRX020545" 0.169979683654086 0.554165053119026 0.275855263226888
"SRS011474.SRX020660" 0.551542645340498 0.00194063682566035 0.446516717833842
"SRS011575.SRX020666" 0.00126415956832638 0.995046457350969 0.00368938308070483
"SRS011575.SRX020669" 0.00142113108677672 0.995583525260914 0.00299534365230969
"SRS011292.SRX020515" 0.463682675539962 0.00126076895224489 0.535056555507793
"SRS011497.SRX020662" 0.635851586249595 0.0014811258692854 0.36266728788112
"SRS011497.SRX020664" 0.624292746682015 0.00202007618180944 0.373687177136176
"SRS011498.SRX020664" 0.00209939721818197 0.604403436313933 0.393497166467885
"SRS045406.SRX020551" 0.488722596309713 0.510181559622143 0.00109584406814385
"SRS014450.SRX020551" 0.51168355325378 0.000776785394162771 0.487539661352057
"SRS019182.SRX020552" 0.0114458174578228 0.987368518815585 0.00118566372659242
"SRS045177.SRX020552" 0.758289725437412 0.234514556755137 0.00719571780745063
"SRS044943.SRX020552" 0.4656686656494 0.533322653106105 0.00100868124449476
"SRS019365.SRX020552" 0.733544351349614 0.264862608820565 0.0015930398298204
"SRS019830.SRX020552" 0.384013528963718 0.452934088847581 0.1630523821887
"SRS019367.SRX020552" 0.756419254908094 0.241135270884715 0.00244547420719051
"SRS018960.SRX020552" 0.796677574820519 0.20154515601315 0.0017772691663309
"SRS043234.SRX020552" 0.74648126384714 0.252425672040325 0.00109306411253569
"SRS046864.SRX020566" 0.503012850533452 0.0549099025471111 0.442077246919437
"SRS015283.SRX020566" 0.54300010015227 0.344398550170191 0.112601349677538
"SRS014355.SRX020566" 0.494758667595467 0.0014305670477946 0.503810765356739
"SRS015285.SRX020566" 0.728168817909073 0.266735229018686 0.00509595307224064
"SRS043122.SRX020524" 0.328561841554042 0.416509004391693 0.254929154054265
"SRS057895.SRX020524" 0.291845622920372 0.496472224621144 0.211682152458484
"SRS044477.SRX020524" 0.203155277006107 0.79592805819691 0.00091666479698254
"SRS056240.SRX020524" 0.203311311907715 0.795756259364266 0.000932428728018994
"SRS057907.SRX020524" 0.995130992986336 0.00241362233005841 0.00245538468360583
"SRS053764.SRX020524" 0.845288691592394 0.152486437768196 0.00222487063941051
"SRS054094.SRX020524" 0.675751848093922 0.323378690140258 0.000869461765819826
"SRS044781.SRX020524" 0.348526626687954 0.650341482738107 0.00113189057393926
"SRS055924.SRX020524" 0.511326246225795 0.487458515962311 0.00121523781189416
"SRS062608.SRX020549" 0.217524085127951 0.676614592500671 0.105861322371378
"SRS046500.SRX020549" 0.422007853248362 0.38710227937221 0.190889867379429
"SRS050233.SRX020549" 0.48472570828699 0.451972273919057 0.0633020177939536
"SRS054431.SRX020549" 0.558956724163066 0.0813816099330582 0.359661665903876
"SRS045463.SRX020549" 0.194788497675906 0.716185333540653 0.0890261687834414
"SRS055988.SRX020549" 0.204331357501235 0.669478993417113 0.126189649081653
"SRS047177.SRX020549" 0.452171165780526 0.270278511122268 0.277550323097206
"SRS043573.SRX020549" 0.639223616438713 0.359014801412415 0.00176158214887212
"SRS048941.SRX020549" 0.785366536395833 0.00157783506047558 0.213055628543691
"SRS056067.SRX020549" 0.79703078016612 0.147387398350575 0.0555818214833053
"SRS015858.SRX020529" 0.664473047107667 0.304470166767407 0.0310567861249269
"SRS058381.SRX020549" 0.0867827712000065 0.0487763460213548 0.864440882778639
"SRS043058.SRX020549" 0.807630037684636 0.140651767476065 0.0517181948392996
"SRS015194.SRX020529" 0.177024262196256 0.350796996597274 0.47217874120647
"SRS014925.SRX020529" 0.00929159181940252 0.260034768148419 0.730673640032179
"SRS018960.SRX020529" 0.784062622392793 0.207349873583221 0.00858750402398557
"SRS014970.SRX020529" 0.308237974587642 0.54063686556972 0.151125159842638
"SRS044605.SRX020529" 0.327556281951493 0.670697678237918 0.00174603981058896
"SRS015856.SRX020529" 0.601626460818171 0.396549627226749 0.00182391195507988
"SRS049760.SRX020529" 0.274692128625056 0.107638164013035 0.617669707361909
"SRS014617.SRX020529" 0.123852084980227 0.3368512638909 0.539296651128873
"SRS052485.SRX020529" 0.58507011355258 0.226114890909817 0.188814995537603
"SRS019675.SRX020529" 0.261690176463003 0.73337608654324 0.00493373699375633
"SRS019677.SRX020529" 0.157440374235899 0.799504675321598 0.0430549504425026
"SRS014827.SRX020529" 0.134835763805812 0.00225352998053183 0.862910706213656
"SRS015496.SRX020529" 0.00154135282477525 0.790884511529024 0.207574135646201
"SRS052566.SRX020527" 0.941320779706061 0.0574899444221303 0.00118927587180821
"SRS055748.SRX020527" 0.521628869330017 0.473862749736508 0.00450838093347541
"SRS019081.SRX020545" 0.108067451057493 0.870348485980792 0.021584062961715
"SRS011551.SRX020660" 0.309689159596845 0.0143602052206586 0.675950635182496
"SRS011498.SRX020662" 0.00290185409936555 0.630196493696378 0.366901652204257
"SRS049760.SRX020551" 0.397739272863667 0.0723776717616078 0.529883055374725
"SRS011375.SRX020571" 0.710052373406031 0.015271557422433 0.274676069171536
"SRS019308.SRX020552" 0.607038507147667 0.322041615210964 0.0709198776413691
"SRS043378.SRX020524" 0.552139447313875 0.172703999416401 0.275156553269723
"SRS047320.SRX020524" 0.522416945145483 0.258803715150331 0.218779339704187
"SRS047255.SRX020524" 0.462267140613663 0.53635239615438 0.001380463231957
"SRS022954.SRX020679" 0.104013601592473 0.893532149832655 0.00245424857487209
"SRS023075.SRX020680" 0.255130758978653 0.63736851076516 0.107500730256187
"SRS020147.SRX020680" 0.577605410341881 0.150196774293325 0.272197815364794
"SRS020204.SRX020680" 0.385275485696249 0.380130716494643 0.234593797809108
"SRS020206.SRX020680" 0.450091016149802 0.440842279265448 0.109066704584749
"SRS022442.SRX020680" 0.799461688087591 0.165039954248804 0.0354983576636054
"SRS023879.SRX020681" 0.705069086300311 0.286726668302148 0.00820424539754095
"SRS024541.SRX020681" 0.389488772974248 0.60965211958696 0.000859107438791922
"SRS042289.SRX020681" 0.725088363455888 0.273418106298743 0.00149353024536885
"SRS052195.SRX020681" 0.722700705731215 0.21622114961624 0.0610781446525453
"SRS043640.SRX020681" 0.666575566894539 0.299777585325915 0.0336468477795463
"SRS021629.SRX020682" 0.218079604744316 0.207977767657248 0.573942627598436
"SRS022952.SRX020683" 0.056381019095043 0.561776064944311 0.381842915960646
"SRS021938.SRX020683" 0.695195977392227 0.303939081093968 0.000864941513805386
"SRS052195.SRX020683" 0.576916773956601 0.238751544422106 0.184331681621292
"SRS043640.SRX020683" 0.651099112507455 0.124925031222848 0.223975856269696
"SRS024541.SRX020683" 0.35940663774448 0.639899696377365 0.000693665878154478
"SRS065309.SRX020684" 0.744910964877512 0.254014334586866 0.00107470053562144
"SRS044375.SRX020684" 0.493888485347087 0.368959064774909 0.137152449878004
"SRS056063.SRX020684" 0.298818365162007 0.699942978698319 0.0012386561396738
"SRS047499.SRX020685" 0.816037079697914 0.00551483690816377 0.178448083393922
"SRS050653.SRX020685" 0.861760865643266 0.0626345902418686 0.0756045441148655
"SRS051667.SRX020685" 0.587088177665069 0.295003540543142 0.117908281791789
"SRS043043.SRX020685" 0.342637930317232 0.651918681630907 0.00544338805186157
"SRS046874.SRX020686" 0.452419460736499 0.0916804989932165 0.455900040270284
"SRS051241.SRX020686" 0.520376512418602 0.00185412377197046 0.477769363809427
"SRS050170.SRX020686" 0.432902436973778 0.095663877053805 0.471433685972417
"SRS044511.SRX020687" 0.364466470126406 0.291702328142288 0.343831201731307
"SRS053440.SRX020687" 0.74285249683265 0.255922518365156 0.00122498480219363
"SRS051180.SRX020688" 0.608592249264045 0.18234988105434 0.209057869681615
"SRS050980.SRX020688" 0.353600686041401 0.645037805642226 0.00136150831637269
"SRS062836.SRX020689" 0.534937430444134 0.438008966096004 0.0270536034598628
"SRS051180.SRX020690" 0.229864635786685 0.220620352629738 0.549515011583577
"SRS015444.SRX020564" 0.00187758224641772 0.237347403928729 0.760775013824854
"SRS057938.SRX020549" 0.428453710388558 0.0741659890360708 0.497380300575371
"SRS063998.SRX020549" 0.350919317822107 0.233000983012926 0.416079699164967
"SRS054288.SRX020549" 0.164964353991923 0.250945319277071 0.584090326731005
"SRS049098.SRX020549" 0.99565621981001 0.00245474044016028 0.00188903974982999
"SRS046963.SRX020549" 0.426765465795905 0.568980134016887 0.0042544001872087
"SRS044602.SRX020549" 0.626789363463562 0.223960313370212 0.149250323166226
"SRS018910.SRX020529" 0.719560517570841 0.278850338789367 0.00158914363979247
"SRS014239.SRX020529" 0.444975969846072 0.201849089831718 0.35317494032221
"SRS055347.SRX020549" 0.88018633650732 0.00189026789164319 0.117923395601037
"SRS049760.SRX020561" 0.397473109054752 0.0543351581927743 0.548191732752474
"SRS065022.SRX020548" 0.0867790355790296 0.390881198201181 0.52233976621979
"SRS042274.SRX020552" 0.588072217637757 0.410826916355072 0.00110086600717135
"SRS045479.SRX021470" 0.923267583547572 0.0724939488663694 0.00423846758605888
"SRS053706.SRX021470" 0.526616358355458 0.466752986201159 0.00663065544338302
"SRS024710.SRX021470" 0.526662045282285 0.42630949070355 0.047028464014165
"SRS050320.SRX021470" 0.528592139945304 0.464472749229662 0.00693511082503401
"SRS023332.SRX022223" 0.405203513307631 0.587758096002199 0.0070383906901698
"SRS023393.SRX022223" 0.696895755348545 0.238802109185154 0.0643021354663006
"SRS023395.SRX022223" 0.536895174008146 0.459237173504892 0.00386765248696204
"SRS022765.SRX022226" 0.378044367231817 0.616663006470383 0.00529262629779929
"SRS023701.SRX022223" 0.407207767115523 0.333730983933887 0.25906124895059
"SRS022763.SRX022226" 0.46133839219096 0.527597775305428 0.0110638325036119
"SRS022574.SRX022226" 0.671435306599831 0.326705874645364 0.00185881875480471
"SRS023134.SRX022226" 0.350963499165687 0.640697272148959 0.00833922868535389
"SRS022699.SRX022226" 0.996613154880773 0.00167947579888901 0.00170736932033784
"SRS022576.SRX022226" 0.531184277827748 0.327263493738544 0.141552228433708
"SRS064586.SRX022229" 0.664880472206438 0.0652405764973418 0.269878951296221
"SRS062748.SRX022229" 0.936895122958301 0.00380596538786428 0.0592989116538353
"SRS023330.SRX022229" 0.444108322678525 0.553931747935566 0.00195992938590876
"SRS064735.SRX022229" 0.727580109569853 0.251075476610853 0.0213444138192938
"SRS063239.SRX022229" 0.551653745501175 0.447087212754347 0.00125904174447777
"SRS065701.SRX022229" 0.712552395867776 0.141448136402387 0.145999467729837
"SRS024712.SRX022229" 0.727305605633088 0.270031021405312 0.00266337296160086
"SRS045191.SRX022229" 0.837428567480701 0.160285940857256 0.00228549166204303
"SRS020500.SRX022230" 0.824629471912101 0.161582297695536 0.0137882303923626
"SRS021093.SRX022230" 0.00617724304771245 0.992279981715405 0.00154277523688303
"SRS021269.SRX022235" 0.604691536118391 0.232617130843712 0.162691333037897
"SRS021271.SRX022235" 0.719850993066302 0.181327286746185 0.0988217201875132
"SRS021011.SRX022235" 0.726243294155017 0.111697390917527 0.162059314927456
"SRS021013.SRX022235" 0.788297156544896 0.210153693542226 0.00154914991287883
"SRS020785.SRX022235" 0.807165551141337 0.181965509279147 0.0108689395795166
"SRS043291.SRX022238" 0.470031214842174 0.233998204828932 0.295970580328894
"SRS042117.SRX022238" 0.577089073168372 0.101783799344308 0.32112712748732
"SRS064399.SRX022238" 0.461258567749741 0.195718325955978 0.343023106294281
"SRS063361.SRX022238" 0.533425553205155 0.296642969201621 0.169931477593224
"SRS046142.SRX022238" 0.577248702023834 0.323403908851942 0.099347389124224
"SRS050604.SRX022238" 0.579824947814848 0.196521792891062 0.22365325929409
"SRS063457.SRX022238" 0.618538991661086 0.220135465797923 0.161325542540991
"SRS021457.SRX022239" 0.475527060416171 0.523305412628556 0.00116752695527319
"SRS020671.SRX022239" 0.708623944154393 0.234559096593733 0.0568169592518738
"SRS020728.SRX022239" 0.65255672205017 0.00346435909646372 0.343978918853366
"SRS022319.SRX022233" 0.510235546105687 0.287796566428061 0.201967887466251
"SRS020783.SRX022233" 0.581950447228526 0.411092960720997 0.00695659205047676
"SRS022063.SRX022233" 0.335604748285957 0.662610736706657 0.00178451500738566
"SRS021332.SRX022233" 0.440784077265835 0.557882680658919 0.00133324207524544
"SRS022187.SRX022233" 0.368317459527095 0.629972447779267 0.00171009269363851
"SRS054708.SRX022234" 0.494868309198356 0.494983675685886 0.0101480151157582
"SRS057060.SRX022234" 0.847639920607449 0.131314233356242 0.0210458460363091
"SRS056542.SRX022234" 0.279482065143364 0.719456053882397 0.00106188097423906
"SRS057943.SRX022234" 0.287281684300043 0.703288958384269 0.00942935731568846
"SRS056770.SRX022234" 0.215135955317743 0.782438358867957 0.00242568581429972
"SRS055028.SRX022234" 0.38681435051121 0.5412455919749 0.0719400575138895
"SRS046038.SRX022234" 0.64216459887786 0.354622375326864 0.00321302579527679
"SRS058818.SRX022234" 0.592145029745851 0.370688200554775 0.0371667696993738
"SRS022189.SRX022233" 0.390036049372864 0.40023403093751 0.209729919689626
"SRS054232.SRX022234" 0.710784824213136 0.280656417382754 0.00855875840411003
"SRS052268.SRX022234" 0.28896511279392 0.707504710341374 0.00353017686470579
"SRS057481.SRX022234" 0.758356872099935 0.240258071346168 0.00138505655389778
"SRS047723.SRX022234" 0.285814887215964 0.712853646740541 0.00133146604349512
"SRS051099.SRX022234" 0.506400117834518 0.47491352619189 0.0186863559735926
"SRS058251.SRX022234" 0.5637791589489 0.433916858718087 0.00230398233301368
"SRS021752.SRX022231" 0.119648565169146 0.877757163054014 0.00259427177683934
"SRS021754.SRX022231" 0.0406496166019545 0.712984147227996 0.24636623617005
"SRS022061.SRX022231" 0.416254428298367 0.581208045572379 0.00253752612925384
"SRS022321.SRX022231" 0.609920639635729 0.344021628154095 0.046057732210176
"700014544.V35.241762" 0.679193412641662 0.319058639360034 0.00174794799830414
"700016651.V35.241837" 0.514398368893744 0.00208926421033911 0.483512366895917
"700015560.V35.241712" 0.957590393401762 0.0410905673598085 0.00131903923842963
"700014820.V35.241722" 0.678646845825612 0.3184176944455 0.00293545972888884
"700014818.V35.241722" 0.471173096768239 0.527391593819922 0.00143530941183893
"700015664.V35.241767" 0.841711955965924 0.144603740413991 0.0136843036200857
"700015291.V35.241748" 0.666625038831337 0.0107236595576744 0.322651301610989
"700033778.V35.241764" 0.725375686904292 0.00182623255503619 0.272798080540672
"700033776.V35.241764" 0.719381533186673 0.00220781787659673 0.27841064893673
"700014546.V35.241762" 0.822730999454145 0.174895286097867 0.00237371444798753
"700014756.V35.241810" 0.993544688577628 0.00471501468802632 0.0017402967343459
