"1" "2" "3" "4" "5"
"SRS043704.SRX020690" 0.146364558032954 0.331362808226053 0.443115908826049 0.000539339071872749 0.0786173858430715
"SRS049355.SRX020682" 0.29365066734837 0.187277742465521 0.393658962611709 0.0232648377626942 0.102147789811706
"SRS019556.SRX020561" 0.123124886160264 0.0801861712756319 0.629634780749747 0.16673283039466 0.000321331419697474
"SRS015198.SRX020561" 0.000577417116906491 0.00756738274693342 0.055776732392752 0.935767501738809 0.000310966004599104
"SRS019679.SRX020561" 0.0865917372886829 0.0300020311818463 0.185011634009791 0.69718101654832 0.0012135809713595
"SRS015139.SRX020561" 0.00536045728713195 0.00134112613064186 0.000706567270263252 0.96816943202658 0.0244224172853827
"SRS015805.SRX020562" 0.0406859168085623 0.564768512027516 0.0453324378497386 0.310367352449777 0.0388457808644056
"SRS019552.SRX020547" 0.279877604116637 0.390655437943798 0.113365081365913 0.215575212873439 0.000526663700213332
"SRS019552.SRX020529" 0.238415692582364 0.348798045684807 0.387520799455981 0.0249260834673903 0.000339378809458527
"SRS015192.SRX020529" 0.283969338148644 0.204001024397868 0.403838596376011 0.107789564865747 0.000401476211729997
"SRS023019.SRX020682" 0.0715006609761498 0.111364639616844 0.767215042463514 0.000848438745317839 0.0490712181981739
"SRS024545.SRX020682" 0.241775774332292 0.113303835946712 0.454178372105739 0.152751857195812 0.0379901604194447
"SRS042602.SRX020690" 0.0245953078279442 0.244405372285234 0.419788116412238 0.0072614940597083 0.303949709414875
"SRS063268.SRX020548" 0.0844294672110264 0.168307745118231 0.56930019781083 0.116372613471074 0.0615899763888388
"SRS042360.SRX021470" 0.0238955414923765 0.00127888298141196 0.771655726357931 0.0591745957869638 0.143995253381316
"SRS065711.SRX022229" 0.000872568922794374 0.0260081132040789 0.702390715579713 0.0253576588018956 0.245370943491519
"SRS024365.SRX019684" 0.395732767910114 0.0393551550940231 0.257161993500547 0.0166619993984163 0.2910880840969
"SRS018555.SRX020529" 0.00708746463584177 0.173204595688757 0.243871865538466 0.564447049377747 0.0113890247591885
"SRS055187.SRX020687" 0.129192170435435 0.587081005254148 0.273157750784905 0.00220286057022673 0.00836621295528552
"700014999.V35.241686" 0.486344419936499 0.016856122343562 0.00123697227620662 0.0182872887895234 0.477275196654209
"SRS043187.SRX020686" 0.312136195721301 0.114826287150364 0.544909251117576 0.0265418171994109 0.00158644881134773
"SRS045482.SRX020686" 0.287966562602107 0.398577559309077 0.295973678004581 0.0144498305200012 0.00303236956423368
"SRS045403.SRX020690" 0.0391761934815181 0.0662321478857762 0.487197518318718 0.000423211890229469 0.406970928423758
"SRS019498.SRX020529" 0.011275396342445 0.129370625597418 0.658552387010824 0.200436945583805 0.000364645465508529
"SRS020267.SRX019636" 0.123054141874697 0.0445934196738867 0.824855212001073 0.00135451841990066 0.00614270803044216
"SRS017549.SRX019635" 0.0759498381566179 0.0833625046076533 0.82251492818409 0.0174144874764746 0.000758241575164295
"SRS020263.SRX019636" 0.429052571895829 0.415346128843526 0.154586485103102 0.000516293546227793 0.000498520611314973
"SRS017549.SRX019636" 0.0473790049423832 0.0857117396565441 0.846831904170002 0.0188778528118134 0.00119949841925743
"SRS020267.SRX019635" 0.0933424701178975 0.0151383914824277 0.875156934428143 0.00191237655047051 0.0144498274210616
"SRS023768.SRX019681" 0.687654333975663 0.00333408722861214 0.307231293750552 0.000987168898101499 0.000793116147071062
"SRS020443.SRX019682" 0.667239644956504 0.0721630423038556 0.114183103883312 0.000792522197806459 0.145621686658522
"SRS058182.SRX019682" 0.429493220882879 0.555453752877519 0.0140151779640237 0.000614862952293141 0.00042298532328446
"SRS024363.SRX019684" 0.207657915270508 0.00841774054427588 0.650817361838643 0.00059746876501419 0.13250951358156
"SRS024482.SRX019684" 0.248263428060652 0.158941481926991 0.591709248859301 0.00075839846619417 0.000327442686861771
"SRS017731.SRX019687" 0.230529108687136 0.536629637505959 0.099112859622877 0.00224727520799721 0.131481118976031
"SRS017487.SRX019687" 0.000664332022468895 0.00122870545593541 0.643014978451724 0.100629750454435 0.254462233615437
"SRS024124.SRX019686" 0.338340652736749 0.0189282825642424 0.462713047490914 0.000439335373163194 0.179578681834931
"SRS016672.SRX019691" 0.000740898464308759 0.240122824551816 0.556475603983054 0.0433915670066448 0.159269105994177
"SRS023942.SRX019690" 0.195779444085897 0.00423622998829713 0.685154443325696 0.00102483423105175 0.113805048369057
"SRS018343.SRX019691" 0.838598493432793 0.0243596128512848 0.102808867911025 0.00632398443998549 0.0279090413649116
"SRS017035.SRX019691" 0.319763787108341 0.347767257627962 0.230388040741339 0.0222458908474699 0.079835023674888
"SRS013727.SRX019690" 0.0808500779818954 0.00208018237058867 0.672875706353037 0.0011669529989286 0.24302708029555
"SRS023944.SRX019690" 0.34438868494931 0.0116739441862765 0.472927465667298 0.000940617390060419 0.170069287807054
"SRS024236.SRX019696" 0.864553462572007 0.00262081001645019 0.0438748323173801 0.000861539288827386 0.0880893558053355
"SRS022641.SRX019696" 0.0246541254146016 0.0812389993596968 0.641700243535699 0.00311126267851685 0.249295369011486
"SRS016376.SRX019693" 0.111210933835669 0.169707848731755 0.708550790075466 0.000882672211183837 0.00964775514592558
"SRS022643.SRX019696" 0.000808328845500813 0.053568207573552 0.916009687304744 0.00109425122019739 0.0285195250560057
"SRS022637.SRX019696" 0.00118141323879432 0.376665780389159 0.455673590866612 0.000429324970737888 0.166049890534697
"SRS022643.SRX019692" 0.00884169263366321 0.0765692746786424 0.87536476812618 0.000835050764317142 0.0383892137971976
"SRS023942.SRX019698" 0.180745836864404 0.0023823162978634 0.669601845843242 0.00150984960002268 0.145760151394467
"SRS016883.SRX019696" 0.920642239888968 0.00688433839560527 0.0683099543318993 0.00100572840730593 0.00315773897622104
"SRS023204.SRX019696" 0.441269247987445 0.469025709973937 0.00327647488468759 0.000631003483603127 0.0857975636703274
"SRS022639.SRX019696" 0.000762820049201157 0.889638107691492 0.107873986738697 0.000552380773094113 0.00117270474751622
"SRS023942.SRX020204" 0.272179595411396 0.021391072962076 0.623054467485168 0.000785525268546668 0.0825893388728133
"SRS022639.SRX019692" 0.000903147210882574 0.976478333103255 0.0212683987863035 0.000655796934805652 0.000694323964753279
"SRS044714.SRX020217" 0.306930739524247 0.0381308797403293 0.62796815669719 0.0239278306571559 0.00304239338107847
"SRS023768.SRX020198" 0.467599444101185 0.0757782088129672 0.429641165037987 0.0260824412749171 0.000898740772944266
"SRS024659.SRX020208" 0.334306915596373 0.00899776989943512 0.613086520507677 0.0423999759203642 0.00120881807615089
"SRS016376.SRX020205" 0.205589566982368 0.124501445211811 0.633899416521297 0.0139299320954462 0.0220796391890774
"SRS024058.SRX020198" 0.469014187982959 0.106055486452497 0.422441670636515 0.000675473491847144 0.00181318143618144
"SRS019554.SRX020560" 0.2758237980761 0.417985831858769 0.209448305412787 0.0634515328049157 0.0332905318474283
"SRS015196.SRX020561" 0.00154057469523949 0.000383883215860619 0.00114104240905577 0.996408028002737 0.00052647167710772
"SRS014927.SRX020561" 0.00436356667502694 0.00347114072669591 0.54036205404023 0.451483695776965 0.000319542781082365
"SRS019558.SRX020561" 0.137345842146714 0.0710866670985498 0.59306029787911 0.198224336107961 0.000282856767665655
"SRS019554.SRX020561" 0.216147447449774 0.592303337502544 0.123058521205287 0.068008116893413 0.000482576948982426
"SRS015196.SRX020582" 0.00663503975447717 0.000448330186762922 0.00242513786320163 0.989909969533103 0.000581522662455445
"SRS019554.SRX020582" 0.243484752311736 0.629913263984537 0.0792827282443265 0.0467245708292659 0.000594684630134055
"SRS019677.SRX020561" 0.162027729022925 0.588974947894067 0.105463364802765 0.143204445515045 0.000329512765198454
"SRS019677.SRX020582" 0.153868807015385 0.722926560229819 0.0520829002289898 0.0706580248530499 0.000463707672756601
"SRS019005.SRX020510" 0.0795905518701599 0.0335486344971227 0.790541981646612 0.095489498726305 0.000829333259800264
"SRS019005.SRX020520" 0.0619920143349608 0.0551462432406634 0.778952503979127 0.103158996926894 0.000750241518354529
"SRS011551.SRX020668" 0.286271540590177 0.000600465575001785 0.000437386637269155 0.00042078379319639 0.712269823404356
"SRS017189.SRX020571" 0.192521067365301 0.046884868280495 0.0269445308517441 0.295821762205297 0.437827771297163
"SRS019552.SRX020551" 0.367322836341066 0.373313097777736 0.258299739000442 0.000659808681811283 0.000404518198945354
"SRS019554.SRX020551" 0.278134914779678 0.45563407298169 0.265241777802889 0.000475592745981394 0.000513641689761888
"SRS019552.SRX020557" 0.360740783943668 0.390836646750561 0.0590124841771076 0.18893564680514 0.000474438323522955
"SRS016052.SRX020566" 0.00508549203221401 0.00360156539845002 0.353258638232006 0.560646483554041 0.0774078207832892
"SRS015860.SRX020566" 0.146758823861614 0.00574274956061109 0.153068139943126 0.662190621856716 0.0322396647779332
"SRS057750.SRX020524" 0.427541634061372 0.434315070335967 0.0912005054286599 0.0466034448403919 0.000339345333609597
"SRS047456.SRX020549" 0.37333122444628 0.0386415658736766 0.330953423262999 0.179267121587394 0.0778066648296507
"SRS054358.SRX020549" 0.129121087733331 0.213079750664454 0.21164575650128 0.372615283052342 0.0735381220485935
"SRS053553.SRX020549" 0.239750251126242 0.555112051170762 0.000561258418424139 0.204110631087629 0.000465808196943812
"SRS018958.SRX020529" 0.627861829517553 0.0448042969857797 0.234161060465233 0.0817730885149434 0.0113997245164909
"SRS019308.SRX020529" 0.493377326434255 0.194557122432594 0.20667575562371 0.104907525052523 0.0004822704569176
"SRS018860.SRX020529" 0.0178893155729292 0.754832066626682 0.0937264710819251 0.132866488305063 0.000685658413400876
"SRS019627.SRX020529" 0.0744551795751674 0.00801069577282626 0.277458750811185 0.639588811630655 0.000486562210166977
"SRS018698.SRX020529" 0.65816816826152 0.0338838640724954 0.251459288866115 0.0554305542827388 0.00105812451713107
"SRS014927.SRX020529" 0.0979381099992925 0.000709694130999028 0.662345614022765 0.238213060868518 0.000793520978425342
"SRS063964.SRX020517" 0.0866400822642323 0.200843087541279 0.619050834434501 0.0930979765000862 0.000368019259902037
"SRS065533.SRX020517" 0.000363459432095956 0.000241666644684575 0.998567454907696 0.000590456210631375 0.000236962804891615
"SRS053393.SRX020527" 0.923884909773801 0.000818062187719633 0.0462241138743238 0.000726038747322443 0.0283468754168331
"SRS014879.SRX020566" 0.185835009894904 0.0925324862207448 0.383240734169474 0.222336630223945 0.116055139490932
"SRS044071.SRX020524" 0.770720278746207 0.222940741006893 0.0048167772691466 0.00112915019090389 0.000393052786849841
"SRS023017.SRX020679" 0.443678612210717 0.347265968574244 0.19467392363856 0.013588644255839 0.000792851320639979
"SRS057843.SRX020524" 0.578142325799856 0.414589154202819 0.00629961565332485 0.00058122261508186 0.000387681728917376
"SRS021569.SRX020679" 0.321522243935585 0.162743978285937 0.474500179038325 0.0152967312343103 0.0259368675058432
"SRS022444.SRX020680" 0.81599120947888 0.00170235515860877 0.136880992151042 0.00158850833355145 0.0438369348779181
"SRS023881.SRX020681" 0.421079367276012 0.434374324280742 0.0758782510758508 0.013337442433059 0.0553306149343361
"SRS047925.SRX020681" 0.854233404849614 0.0520631021682926 0.0644549015376878 0.00102622045130284 0.0282223709931026
"SRS021631.SRX020682" 0.0814257697675419 0.36848006125599 0.206245251367894 0.00136590310360608 0.342483014504968
"SRS020151.SRX020682" 0.429387849219983 0.0746242831106657 0.218990639970316 0.00178861190156096 0.275208615797474
"SRS021575.SRX020683" 0.0207770783654578 0.0088326518986156 0.968784234745791 0.000549156573069626 0.00105687841706621
"SRS044141.SRX020684" 0.0492679974564851 0.43287200868676 0.0953202879124591 0.000854026448230922 0.421685679496065
"SRS058765.SRX020684" 0.237363536003845 0.553091744486237 0.2087627393026 0.00042704081793553 0.00035493938938191
"SRS058390.SRX020684" 0.718613146886743 0.25157784994017 0.00165934607384982 0.000527048983065312 0.0276226081161723
"SRS053457.SRX020685" 0.200876933665993 0.550417636847868 0.247607277460304 0.000611748150781742 0.000486403875053583
"SRS042235.SRX020685" 0.165829607918583 0.813105106607127 0.017874110823417 0.000590801006785836 0.00260037364408806
"SRS046835.SRX020685" 0.085221118250957 0.205207656885019 0.708842348501275 0.0004283713477031 0.000300505015046323
"SRS046379.SRX020686" 0.0120271342224793 0.0347549047667077 0.891402772761855 0.0471067190448699 0.0147084692040883
"SRS058273.SRX020686" 0.282372527788317 0.122326643377196 0.496307678066038 0.000606873150899105 0.0983862776175498
"SRS047484.SRX020686" 0.541937330525868 0.0972089999448792 0.327869581833999 0.000694729415068401 0.0322893582801856
"SRS053138.SRX020686" 0.412380623201366 0.368962003348117 0.172051661877347 0.000407552412642629 0.0461981591605281
"SRS055673.SRX020687" 0.202950666467654 0.328175042741464 0.42636280380119 0.0265578928961072 0.0159535940935846
"SRS050248.SRX020687" 0.220934879052013 0.435506888646327 0.342654984273548 0.000587233482048525 0.000316014546063414
"SRS043241.SRX020687" 0.401997551055931 0.0650974588982245 0.481123399610642 0.00114329420513705 0.050638296230066
"SRS043568.SRX020688" 0.104192562741684 0.113043940453908 0.768189635063504 0.0134073803546363 0.00116648138626813
"SRS048865.SRX020687" 0.4834450986547 0.150292735696653 0.330371488895777 0.000665052721917927 0.0352256240309522
"SRS046089.SRX020688" 0.272573059658119 0.208774432999789 0.39982525603026 0.00068905104171683 0.118138200270115
"SRS053304.SRX020688" 0.0323802311823327 0.0875188334719371 0.811677442545281 0.00157054979847079 0.0668529430019786
"SRS063456.SRX020689" 0.101020597630829 0.00267985790504526 0.826753584272098 0.0685124218981773 0.00103353829385026
"SRS042830.SRX020688" 0.263885079363306 0.306669368717574 0.372478573251056 0.000822997194026771 0.0561439814740372
"SRS063488.SRX020689" 0.165354754842083 0.210502179727624 0.487745865670215 0.000961332319129548 0.135435867440948
"SRS063168.SRX020689" 0.265878810338952 0.15410157476997 0.0307626773386821 0.000526942663007226 0.548729994889388
"SRS064030.SRX020689" 0.531197217236835 0.0305656284407207 0.418537419839632 0.000646784981846235 0.0190529495009658
"SRS064312.SRX020689" 0.202205445574664 0.0012911453446463 0.794962261992705 0.000617514204779108 0.000923632883205411
"SRS052599.SRX020690" 0.031682093528041 0.0694068939589066 0.896404548003803 0.00175812707200104 0.000748337437248187
"SRS046874.SRX020690" 0.220810423398376 0.189320217443908 0.400492941640523 0.000402344574382508 0.18897407294281
"SRS058273.SRX020690" 0.188387325434773 0.107103403244291 0.532523254390553 0.000813881737498998 0.171172135192884
"SRS056677.SRX020690" 0.0779077560935869 0.0757595261267589 0.643738175792915 0.0360600643508543 0.166534477635885
"SRS043928.SRX020549" 0.582934743744516 0.0129674901606842 0.285012601392803 0.10417713898104 0.0149080257209566
"SRS048843.SRX020529" 0.182242752700217 0.105421582151277 0.590998487057571 0.120701114971175 0.000636063119759761
"SRS018858.SRX020529" 0.0158704716146341 0.595191901580103 0.323282059717954 0.0651800120123803 0.000475555074929362
"SRS055888.SRX020527" 0.280650715641822 0.0462971573863377 0.544226196839268 0.128421361382487 0.000404568750085701
"SRS015192.SRX020561" 0.188436961818158 0.151865463443027 0.263656314614734 0.395526156746173 0.000515103377907657
"SRS015198.SRX020582" 0.000634997514927617 0.000784896958534475 0.0159144116961618 0.982238804231297 0.000426889599078818
"SRS042958.SRX021470" 0.0721539447537192 0.00113633291407204 0.877598856980163 0.0461001527886973 0.00301071256334816
"SRS023699.SRX022223" 0.30284947590086 0.309958596037769 0.234521888080298 0.0676966895823937 0.0849733503986788
"SRS023137.SRX022226" 0.237436375990744 0.391255593619977 0.369101335168537 0.00134514046628381 0.000861554754458129
"SRS062733.SRX022229" 0.410017490480335 0.00906986207983277 0.517433488050134 0.00144526605415721 0.0620338933355416
"SRS062799.SRX022229" 0.00211442390679453 0.01600185387764 0.540409900377379 0.000623381028530744 0.440850440809655
"SRS046325.SRX022229" 0.0459708673234749 0.0004622498815986 0.790594453679168 0.0410203052325329 0.121952123883226
"SRS063931.SRX022229" 0.0263868390917819 0.00104346009550499 0.847050423010127 0.00108481540513961 0.124434462397446
"SRS065597.SRX022229" 0.374361773079634 0.399309431632359 0.220076396543393 0.00246011126998862 0.00379228747462576
"SRS021095.SRX022230" 0.0661734694921921 0.78075179805259 0.15128683588552 0.000921852324748236 0.000866044244949541
"SRS050217.SRX022238" 0.336430447089828 0.0726414802886547 0.580990790621045 0.00948520763980944 0.00045207436066286
"SRS042248.SRX022238" 0.149316484492823 0.182757645052142 0.663671541362213 0.00242784512773106 0.00182648396509201
"SRS058051.SRX022238" 0.345343291520937 0.347711424452879 0.213237691380052 0.00697836701056946 0.0867292256355628
"SRS051280.SRX022238" 0.0776092850222385 0.260308966320365 0.551614114673604 0.000400875424484216 0.110066758559308
"SRS043400.SRX022238" 0.042498387225551 0.208478208364014 0.0510960801110348 0.00993683865635024 0.68799048564305
"SRS047507.SRX022238" 0.307517596114429 0.457307523723119 0.233348388730117 0.00122587161129899 0.000600619821036067
"SRS020954.SRX022233" 0.269842508815222 0.509557747062184 0.128352717723889 0.000935929201727975 0.0913110971969768
"SRS022257.SRX022233" 0.000262252283245284 0.000240431011914254 0.374305236433956 0.000951672797008085 0.624240407473877
"SRS021394.SRX022233" 0.157704412647107 0.524560810413468 0.306707473049115 0.000776352868107211 0.0102509510222031
"SRS055231.SRX022234" 0.407936265844 0.223242429540276 0.315861174864603 0.000782441585214567 0.0521776881659063
"SRS051696.SRX022234" 0.424136105316651 0.0823166915169239 0.490829604903221 0.000755316433144351 0.00196228183006014
"SRS057272.SRX022234" 0.0401489308563224 0.000715817776350221 0.950399294521864 0.00783608608808928 0.000899870757373697
"SRS056107.SRX022234" 0.188474984638414 0.517127516410633 0.250355046258307 0.000901957669007025 0.0431404950236388
"SRS021820.SRX022231" 0.149771669810749 0.289719669598893 0.556644046538028 0.000999098006110607 0.00286551604621927
"700015480.V35.241665" 0.873240447642855 0.000918677055538957 0.12351451664799 0.00119227714213897 0.00113408151147692
"700014996.V35.241686" 0.160011303618397 0.0459003973638537 0.362253948046694 0.000621593634052716 0.431212757337003
"700033022.V35.241834" 0.0627490875639701 0.661404509521836 0.0962796946497796 0.112524878815166 0.067041829449248
"SRS018218.SRX019639" 0.516980526321589 0.341387987672502 0.139462579637744 0.00143764817359178 0.000731258194573065
"SRS024122.SRX019686" 0.484416020925281 0.000780522149328106 0.252775151181426 0.000603643211266021 0.261424662532699
"SRS017371.SRX019687" 0.0914398506758793 0.267585969463562 0.586658374202458 0.000813536960594687 0.0535022686975062
"SRS017485.SRX019687" 0.0809082553998835 0.285535143894011 0.585038362695724 0.00442223991804773 0.0440959980923343
"SRS022002.SRX019689" 0.163293374874738 0.000631318059302464 0.757285106512412 0.00655430994127586 0.0722358906122712
"SRS017032.SRX019691" 0.434347602149735 0.134543463767454 0.321847564108979 0.000961482686412482 0.10829988728742
"SRS017963.SRX019690" 0.855997757100463 0.000948131515207503 0.103748122007972 0.0356733262939496 0.00363266308240804
"SRS021514.SRX019690" 0.600614646057665 0.256203239056997 0.0394333917233056 0.00078232941264546 0.102966393749387
"SRS022123.SRX019690" 0.0597852335155635 0.745594340821188 0.00141407643444322 0.00074696256949665 0.192459386659309
"SRS024657.SRX019700" 0.378652529029803 0.0832191499023904 0.500057750069128 0.0369738515562255 0.00109671944245314
"SRS024236.SRX019692" 0.805110210676088 0.00112022632406504 0.112363837048842 0.000615874667608929 0.0807898512833961
"SRS020447.SRX020205" 0.342338182955276 0.00601632240580839 0.156239825638822 0.0454996116458361 0.449906057354257
"SRS024657.SRX020213" 0.476855349646386 0.0538093522466159 0.420050650348554 0.0486479266671488 0.000636721091295467
"SRS048843.SRX020561" 0.155182299381409 0.11753454905022 0.580212715290417 0.14671476679216 0.000355669485793175
"SRS045752.SRX020561" 0.248093150349131 0.18471279437268 0.174101594690462 0.392615332343974 0.000477128243752447
"SRS011435.SRX020662" 0.0578838479572907 0.0963979479992928 0.0130591290705956 0.33358095829729 0.499078116675531
"SRS011434.SRX020664" 0.000684989598584225 0.0765836070299545 0.00337011084509345 0.347943935496961 0.571417357029407
"SRS011435.SRX020664" 0.0306908439000472 0.0509256273131839 0.00107078906548474 0.345816996603165 0.571495743118119
"SRS011179.SRX020515" 0.378508775149393 0.0371128714264315 0.00160439974057851 0.13377157971143 0.449002373972167
"SRS019310.SRX020552" 0.453721676379116 0.0169629818893666 0.514101518603251 0.0147786965884452 0.00043512653982158
"SRS019556.SRX020557" 0.175360398514008 0.0975780500194594 0.586605296670138 0.139969322341188 0.000486932455205825
"SRS064960.SRX020549" 0.245549578760819 0.0429082244560024 0.47803220330197 0.232614147242624 0.000895846238585537
"SRS018964.SRX020529" 0.141166254082542 0.00886385343253228 0.296998130015478 0.52831705785485 0.0246547046145973
"SRS018864.SRX020529" 0.000321067538787446 0.0852200582408305 0.416020010963646 0.220770704221027 0.277668159035709
"SRS042716.SRX020529" 0.366547446867989 0.445691701684103 0.157843155859904 0.0295478576107701 0.000369837977234158
"SRS055001.SRX020527" 0.595355890771427 0.232710689955321 0.113537335736756 0.05780692755927 0.0005891559772259
"SRS062703.SRX020548" 0.0109155160994082 0.000834432899670565 0.745444888654593 0.173625963966883 0.0691791983794446
"SRS063253.SRX020548" 0.00129823803961235 0.000770304391626948 0.602712534812555 0.394005776432839 0.00121314632336675
"SRS011549.SRX020660" 0.488565172485712 0.054672912178876 0.00221496282207006 0.0555730360321622 0.39897391648118
"SRS023015.SRX020679" 0.58715383207459 0.311897093122623 0.0997764256800173 0.000548378786736696 0.000624270336033627
"SRS022952.SRX020679" 0.00151050935760653 0.624391762284149 0.000945146747311042 0.000749144937656156 0.372403436673277
"SRS023518.SRX020682" 0.334448908047588 0.355770472223511 0.131467424684447 0.000876964897200044 0.177436230147255
"SRS023017.SRX020683" 0.46909417924309 0.411377036635756 0.118024848229526 0.000995222071014729 0.000508713820612937
"SRS024539.SRX020682" 0.325026103621858 0.563431900980185 0.076443763337495 0.00285462991383295 0.0322436021466288
"SRS050385.SRX020688" 0.42262100993771 0.349014649283005 0.226262581596348 0.00116550916477769 0.000936250018158366
"SRS049090.SRX020688" 0.00568696071609738 0.0897866418807878 0.87666457848182 0.0272390581923859 0.000622760728909305
"SRS063154.SRX020689" 0.269226401005807 0.335689846786914 0.304942953629291 0.00137241919773912 0.088768379380249
"SRS050224.SRX020549" 0.00268439663464027 0.407970104157735 0.36156914006038 0.224222446724776 0.00355391242246834
"SRS051800.SRX020549" 0.794992183681486 0.0775158623807541 0.100900806842908 0.0257018256133709 0.000889321481481339
"SRS056515.SRX020524" 0.733274761269157 0.257460341447334 0.00226306276128063 0.000912641468570519 0.00608919305365778
"SRS055354.SRX020527" 0.77085649562756 0.0022441955447277 0.225224471480246 0.00118171395960631 0.000493123387859192
"SRS019500.SRX020552" 0.138994293019434 0.332667241099413 0.473142911564079 0.0544382360767474 0.000757318240326632
"SRS064620.SRX022229" 0.499085968033115 0.22618470360217 0.149150647034827 0.0245669689085277 0.10101171242136
"SRS049647.SRX022238" 0.28703788299472 0.533422660069162 0.157264794110521 0.00108456476434353 0.0211900980612529
"SRS020956.SRX022233" 0.118381118003642 0.553705444680951 0.114093561637302 0.000865539190154633 0.212954336487951
"SRS051535.SRX022234" 0.580549455788609 0.168640632449036 0.0927355107622192 0.000744250724855754 0.15733015027528
"SRS054236.SRX022234" 0.837799055037334 0.14889547737392 0.00985235288435926 0.000837417174919641 0.00261569752946676
"700033025.V35.241834" 0.00101027440307069 0.838892994433431 0.00558833656508301 0.00270413329799922 0.151804261300417
"SRS045536.SRX020527" 0.200697241653837 0.660748054404396 0.135179354690145 0.00150852581175506 0.00186682343986705
"SRS047862.SRX020549" 0.675900014748153 0.259496943900006 0.000644276003631815 0.0633231840765157 0.000635581271693705
"SRS058328.SRX022238" 0.592257940540143 0.280567956145661 0.125688620981471 0.000755064588702248 0.000730417744023534
"SRS053713.SRX022238" 0.0559204691335825 0.275760347730253 0.370359282790994 0.000474013874618409 0.297485886470552
"SRS043159.SRX020686" 0.394372860380544 0.365791484899948 0.0945121082630201 0.0333382471164998 0.111985299339988
"SRS044714.SRX019682" 0.357071648650461 0.0760615107007032 0.533473957906512 0.0325623397764426 0.000830542965880949
"SRS011611.SRX020662" 0.0663156545171289 0.202248983570717 0.192296913502723 0.490410185440897 0.0487282629685336
"SRS014452.SRX020557" 0.575107950872952 0.0010935193478826 0.000734370062016884 0.407284707271669 0.0157794524454789
"SRS050616.SRX020524" 0.162063093608425 0.765551453126227 0.0705558259738427 0.0014336021504591 0.000396025141045474
"SRS043160.SRX022238" 0.0892290815460507 0.144465459082211 0.546541460143768 0.00115734424352867 0.218606654984441
"SRS057305.SRX022238" 0.17755768663413 0.275643995067816 0.545160107370157 0.000483638594811366 0.00115457233308504
"SRS014877.SRX020561" 0.693528321654353 0.00113311206743902 0.000719102551672112 0.257026906047922 0.0475925576786135
"SRS020149.SRX020680" 0.549157467629847 0.296350431468939 0.153235273781237 0.000705115033186893 0.000551712086790993
"SRS049278.SRX020681" 0.789914539102838 0.207183647752028 0.00117845126847989 0.000778896461501767 0.0009444654151515
"SRS049434.SRX020684" 0.0836110073598843 0.198050100935296 0.621775807483875 0.00105785717240602 0.0955052270485391
"SRS054126.SRX022234" 0.041583798448873 0.432424143130675 0.0259065744160632 0.000670308630200668 0.499415175374189
"SRS018027.SRX019639" 0.669926187775725 0.10349821480406 0.225495857472887 0.000530666991136469 0.000549072956191502
"SRS017483.SRX019687" 0.388611670934542 0.0988562373840003 0.252353450248251 0.00316434675308121 0.257014294680126
"SRS024240.SRX019689" 0.390976079914514 0.0005856623930378 0.346724659705723 0.000882249333008593 0.260831348653716
"SRS017483.SRX020208" 0.362202768419695 0.135413509109096 0.271802539423229 0.0013955106909765 0.229185672357003
"SRS063933.SRX020549" 0.212188735862512 0.01842525006592 0.636130931002449 0.130805466344913 0.00244961672420679
"SRS043722.SRX020549" 0.414540991859287 0.00591114453138839 0.529876081995789 0.04922264306892 0.000449138544615767
"SRS064781.SRX020517" 0.470983863944019 0.179496245305631 0.255953690503782 0.0431380184825186 0.0504281817640489
"SRS049082.SRX020684" 0.221285995475586 0.628221990155606 0.000574694093197053 0.000577411099163177 0.149339909176447
"SRS063926.SRX020549" 0.66391605290647 0.207264201260173 0.127172889341377 0.00115904691595774 0.000487809576022223
"SRS056867.SRX020527" 0.147000288305874 0.0509300947561225 0.728975200308513 0.0127568262502143 0.0603375903792757
"SRS046412.SRX022238" 0.346347811813321 0.27333116440002 0.00285669173841664 0.000753658085051345 0.376710673963191
"SRS015807.SRX020562" 0.0874873071485351 0.456301718353713 0.0181257040396972 0.117720520946534 0.320364749511521
"SRS048741.SRX020549" 0.377438749959306 0.405967325200968 0.00279865386840947 0.213056108013473 0.000739162957843357
"SRS014237.SRX020561" 0.161511301348766 0.446964621238131 0.000768103102647774 0.11170234075924 0.279053633551215
"SRS014237.SRX020566" 0.159672482493942 0.425469746385709 0.000851424297985444 0.12993964497273 0.284066701849633
"SRS046477.SRX019685" 0.17083559138018 0.554285764710366 0.0994764056348501 0.000424008573622946 0.174978229700981
"SRS017371.SRX020208" 0.0898191542517268 0.269112323073137 0.572058476161302 0.00261791731097973 0.0663921292028536
"SRS045406.SRX020560" 0.35530197867777 0.595695775698221 0.00300024513261298 0.0455522340313298 0.000449766460066188
"SRS019003.SRX020510" 0.576243014423457 0.00617150456845145 0.145827329996278 0.000875453975344612 0.270882697036469
"SRS064510.SRX020690" 0.191637771775909 0.577880940942996 0.215985534679224 0.0139941458887567 0.000501606713113693
"SRS044586.SRX022238" 0.0214806926357235 0.293507096772481 0.592995852273487 0.000309505710600834 0.0917068526077082
"SRS050307.SRX022234" 0.417647783546947 0.578521728724301 0.00271660017173414 0.000571762557207814 0.000542124999809458
"700033180.V35.241783" 0.20567823962495 0.488173899782107 0.17434611989183 0.000475644743963434 0.131326095957149
"SRS019681.SRX020561" 0.11290131756612 0.257955935063574 0.197854799585003 0.430741936196693 0.000546011588610512
"SRS015137.SRX020561" 0.0279702576699697 0.348903698912641 0.000497387623883301 0.622218830933543 0.00040982485996304
"SRS015194.SRX020561" 0.0309794306571877 0.225622102429279 0.130783655988248 0.517088213915944 0.0955265970093406
"SRS014929.SRX020561" 0.0450099945235273 0.000649246648596314 0.00704180270989868 0.900156162327236 0.0471427937907413
"SRS015137.SRX020582" 0.00125612169731767 0.367278715052011 0.000575037413885416 0.630397499225321 0.000492626611465213
"SRS014883.SRX020566" 0.000963960872555326 0.00102440124790089 0.000943510034300148 0.831446692231776 0.165621435613468
"SRS042974.SRX020524" 0.843160508460934 0.0649637524003626 0.00632397851807391 0.0849035759785233 0.000648184642105878
"SRS047078.SRX020549" 0.103950133374013 0.000504359427043143 0.239524575116845 0.349000104228195 0.307020827853904
"SRS014617.SRX020561" 0.0282388457010402 0.271032898510451 0.000680949472742807 0.698196985753986 0.00185032056177911
"SRS014827.SRX020561" 0.181861926648513 0.0262862507515522 0.000737692232439375 0.330696087496129 0.460418042871366
"SRS022637.SRX019692" 0.00301981179350714 0.403551186258684 0.47142731161748 0.000483331451321745 0.121518358879007
"SRS011641.SRX020515" 0.240208913468749 0.346360862350052 0.069534490302962 0.24214335298253 0.101752380895706
"SRS048785.SRX022234" 0.170807079967307 0.254127853570419 0.31531754875088 0.00152692792685867 0.258220589784536
"SRS024361.SRX019684" 0.666633645216402 0.0167127471824905 0.163649665069261 0.000797916709562006 0.152206025822285
"SRS019705.SRX020529" 0.0189689923745998 0.439186067051305 0.323500101231116 0.217254843269401 0.00108999607357795
"SRS011606.SRX020660" 0.409227359189072 0.49960194179774 0.0435867538977363 0.0470532570955157 0.000530688019935993
"SRS023635.SRX019635" 0.00112760424319299 0.881950524006315 0.0900812809070889 0.0261225166557114 0.000718074187691451
"SRS023635.SRX019636" 0.00253362979831591 0.830136013042889 0.166119342393205 0.000682544080639127 0.000528470684951143
"SRS016883.SRX019692" 0.937116242306344 0.00585066329324077 0.0554693937455496 0.000996557034719206 0.000567143620145813
"SRS011608.SRX020660" 0.528101897060823 0.286553893274554 0.0500845339310611 0.119339806675217 0.015919869058346
"SRS011608.SRX020668" 0.56612339983007 0.232362775364467 0.0676312007774119 0.101852468111099 0.0320301559169522
"SRS011555.SRX020662" 0.28505286636164 0.0209927694803491 0.019905289384315 0.0947982684951696 0.579250806278527
"SRS011555.SRX020664" 0.391679044140677 0.0238929493976846 0.00398383081876342 0.0961174381443939 0.48432673749848
"SRS019180.SRX020552" 0.0608054993975554 0.839611334492967 0.0656595822779037 0.0334740755296392 0.000449508301934907
"SRS019681.SRX020529" 0.183397597580077 0.218649638101421 0.342398183825908 0.25518551489872 0.00036906559387302
"SRS064171.SRX020548" 0.0451417388532106 0.0302150060454805 0.542756720527211 0.232791263893584 0.149095270680514
"SRS022510.SRX020680" 0.2955268051735 0.462095961030021 0.0022606037660243 0.000917160154449953 0.239199469876005
"SRS022508.SRX020682" 0.323872743157075 0.218276359990249 0.164099031426692 0.0230972137228965 0.270654651703087
"SRS022510.SRX020683" 0.324104409785169 0.319672533484831 0.00233449913366911 0.000468427704852216 0.353420129891478
"SRS049278.SRX020683" 0.688749627538853 0.30676971274107 0.00269964202848387 0.000665735401722642 0.00111528228986986
"SRS051984.SRX020685" 0.219884817404446 0.426040857463353 0.352453101902564 0.000483923516310598 0.00113729971332604
"SRS052312.SRX020687" 0.271928908937401 0.513834811587353 0.213422426626773 0.000436031443177746 0.000377821405295566
"SRS052219.SRX020561" 0.312463914256608 0.204647020761367 0.00115916334953636 0.48107367950056 0.000656222131929385
"SRS021818.SRX022233" 0.063550823910162 0.169136385054193 0.722029251335135 0.000400558861399562 0.0448829808391102
"SRS017849.SRX019691" 0.405692626965652 0.0196186016396725 0.023035836997917 0.00046113608919715 0.551191798307561
"SRS013727.SRX020218" 0.0936332775698214 0.00313264539365643 0.687758398563127 0.000821495517499727 0.214654182955895
"SRS046871.SRX020681" 0.729412246698193 0.0250217464769455 0.00156182374721612 0.000778107734957382 0.243226075342688
"SRS018163.SRX019682" 0.000763047649977188 0.232859777644457 0.000860029849499768 0.000580677941824206 0.764936466914242
"SRS017365.SRX019687" 0.365135795481503 0.187815508472394 0.318711588130779 0.00201473345482072 0.126322374460503
"SRS017673.SRX019689" 0.135224960387057 0.0316980767955466 0.256099077453242 0.000985196003512459 0.575992689360641
"SRS020899.SRX019691" 0.39274305939846 0.40959208749071 0.119401437894153 0.000964960150096993 0.0772984550665795
"SRS023206.SRX019696" 0.57037911034268 0.0968833656524367 0.100563766036511 0.00149856293946667 0.230675195028905
"SRS015901.SRX020510" 0.904351938268357 0.0617457590188622 0.00138882831437283 0.0181805528137806 0.0143329215846278
"SRS011549.SRX020668" 0.429396754137201 0.000713990789509025 0.000845414842772267 0.0256426690469638 0.543401171183554
"SRS011640.SRX020515" 0.362275120825002 0.000531859294626344 0.233062474575984 0.139697452070031 0.264433093234356
"SRS015289.SRX020529" 0.277182592232654 0.230008288922737 0.1963932481802 0.176597301151036 0.119818569513374
"SRS011553.SRX020660" 0.357423782764755 0.0146833904281094 0.000633630636825982 0.056947853614733 0.570311342555576
"SRS043675.SRX020682" 0.056956097878 0.0131375660596234 0.176193137542868 0.000506359249468186 0.75320683927004
"SRS062699.SRX020684" 0.560819816510485 0.285841386000469 0.0675593182215371 0.000498771719999675 0.0852807075475094
"SRS053434.SRX020684" 0.0307256140671656 0.566352573831275 0.0940166600302539 0.000461692072438779 0.308443459998867
"SRS044011.SRX020685" 0.260065683136634 0.000841499229548815 0.332469849487372 0.000517098225166182 0.406105869921279
"SRS065478.SRX020690" 0.119516795564028 0.120866365294022 0.213579896830636 0.000456978531656566 0.545579963779658
"SRS055821.SRX020549" 0.365839412784718 0.134634968265845 0.00117257357723981 0.155427700621392 0.342925344750806
"SRS013676.SRX019635" 0.523174336149299 0.0173689151975332 0.00099121746682779 0.00268679373361552 0.455778737452724
"SRS064351.SRX022238" 0.482340123029205 0.0318175495102633 0.22092022607935 0.0052954164131702 0.259626684968012
"SRS021455.SRX022239" 0.428306783158585 0.346734675443554 0.00059804774878784 0.000574317537638404 0.223786176111434
"SRS017145.SRX019684" 0.615354529957672 0.000828461540563589 0.0890974385335817 0.000921244359643691 0.293798325608539
"SRS015444.SRX020545" 0.00094981450920342 0.327397109299707 0.0009034061689903 0.595958179170243 0.0747914908518568
"SRS015607.SRX020566" 0.0347349077758548 0.0020309727952965 0.0161243242662358 0.946655431806631 0.000454363355982228
"SRS011438.SRX020662" 0.00242685459890849 0.000906334830337435 0.000612126612472418 0.571938423762855 0.424116260195427
"SRS023077.SRX020680" 0.345540628526407 0.588008681410103 0.0139538337545523 0.000649743133995977 0.0518471131749422
"SRS048224.SRX020529" 0.249920033209818 0.18446009587809 0.000931538623074242 0.564300499013584 0.000387833275434009
"SRS015289.SRX020582" 0.215890084004273 0.134456855721146 0.00145086907950186 0.647672352754412 0.000529838440667003
"SRS011499.SRX020662" 0.000586298651320296 0.000631489216275708 0.00139829488716444 0.996729124649842 0.000654792595397303
"SRS051170.SRX020524" 0.289645663292493 0.522986638462811 0.185482994924742 0.00156773751111749 0.000316965808836548
"SRS045280.SRX020549" 0.616081398692746 0.00074216037224765 0.000928252989289686 0.381007927517378 0.00124026042833774
"SRS011474.SRX020668" 0.459695728106191 0.0158866562431138 0.000620475659704539 0.100029692230875 0.423767447760115
"SRS047699.SRX020549" 0.278562921634668 0.0635184671275211 0.432428869522317 0.223826819357251 0.00166292235824346
"SRS020208.SRX020682" 0.229028901979295 0.037445366912882 0.334534473565284 0.013333980783088 0.385657276759451
"SRS065586.SRX020689" 0.543889828230763 0.410593203486086 0.00105451681478588 0.000653666339517811 0.0438087851288473
"SRS063700.SRX020689" 0.449637079192302 0.000788052494820881 0.322655815789497 0.000774703896768386 0.226144348626613
"SRS017424.SRX019635" 0.975950714379879 0.0212704743048814 0.000986791527241581 0.000872446207858593 0.000919573580139352
"SRS022000.SRX019635" 0.915867081463797 0.00219995889412995 0.00186216898744436 0.00607039386743019 0.0740003967871989
"SRS020020.SRX019636" 0.803323664065754 0.157648433802244 0.000597501103722214 0.00106384358924153 0.0373665574390376
"SRS023633.SRX019635" 0.0119814492385717 0.95013263691011 0.0234023414923774 0.00180025053734362 0.0126833218215972
"SRS017424.SRX019636" 0.99673502708046 0.000893649626938715 0.000803060075293409 0.000730041648135847 0.000838221569171888
"SRS017671.SRX019635" 0.864626968923966 0.132759780552278 0.00080617405634582 0.000652202825304105 0.00115487364210657
"SRS024418.SRX019635" 0.895772377064764 0.100823532797635 0.00159743405353771 0.000868816569231228 0.000937839514832264
"SRS024422.SRX019635" 0.260385843876982 0.08213765557095 0.424093247156775 0.00129129146800211 0.232091961927291
"SRS024422.SRX019636" 0.260466349058536 0.122811479086024 0.360965257993938 0.00134585708588103 0.254411056775621
"SRS022000.SRX019636" 0.93396869750667 0.000995183323378531 0.0202321563154402 0.00160010334686046 0.0432038595076512
"SRS020018.SRX019636" 0.996848236294595 0.000909931245841583 0.000735179953278796 0.000785322904531972 0.00072132960175257
"SRS020020.SRX019635" 0.768376888268916 0.155679216646674 0.000644745926526807 0.00104199693975267 0.0742571522181302
"SRS020261.SRX019635" 0.485703530630274 0.363435368771329 0.13766389088035 0.000563553773254678 0.0126336559447922
"SRS024179.SRX019635" 0.439758340141985 0.31997210451537 0.167680506719037 0.00418783900256702 0.0684012096210413
"SRS017422.SRX019635" 0.907857144857289 0.0673913403672504 0.0215579883989384 0.000767618802263644 0.00242590757425801
"SRS013676.SRX019636" 0.574422134026918 0.00203878481875317 0.00111075271496932 0.0654314914559742 0.356996836983386
"SRS024181.SRX019636" 0.969283569338925 0.00152697970370467 0.0271094309560589 0.000820828238421868 0.00125919176288995
"SRS020018.SRX019635" 0.992752644867839 0.00101920097036577 0.00110327747495006 0.000798894696162223 0.00432598199068318
"SRS024179.SRX019636" 0.46561832453147 0.253213875573628 0.165493789828915 0.0015507622423849 0.114123247823602
"SRS024416.SRX019635" 0.965327411471595 0.00184690867342322 0.00704252627079603 0.0236028593621307 0.00218029422205535
"SRS020263.SRX019635" 0.409435406806354 0.379582243650011 0.185658866776595 0.0188705603821073 0.0064529223849329
"SRS017428.SRX019635" 0.635376029195724 0.0710753264146663 0.125107847691591 0.00278427118807338 0.165656525509946
"SRS024181.SRX019635" 0.878214450596337 0.00106261038313035 0.101129249016845 0.018907734459929 0.000685955543759115
"SRS017671.SRX019636" 0.826995105009226 0.127633279247236 0.00158217665432495 0.000751481180411633 0.0430379579088015
