"1" "2" "3" "4" "5" "6"
"SRS043704.SRX020690" 0.116553441055405 0.238218021716632 0.527872397066353 0.0607766913727452 0.000633855631117161 0.0559455931577485
"SRS049355.SRX020682" 0.271145416093335 0.0758143158560393 0.588148282107858 0.00127451366340166 0.00655095454310836 0.0570665177362579
"SRS019556.SRX020561" 0.107457698898621 0.0558751916432333 0.209115783141719 0.467244776876443 0.16004928187495 0.000257267565033675
"SRS015198.SRX020561" 0.000464377831904374 0.0249484024742485 0.0013210184326164 0.0818149640080653 0.891204399561959 0.000246837691206863
"SRS019679.SRX020561" 0.0858150216701531 0.00106914045304551 0.372646827457215 0.015034569219081 0.523110117453414 0.00232432374709171
"SRS015139.SRX020561" 0.00661198228923837 0.00125298095827181 0.000624381967065452 0.00062461714346623 0.98198840084989 0.00889763679206798
"SRS015805.SRX020562" 0.0374054003466481 0.516460427332668 0.0782155420005765 0.0371456617677552 0.297971550005476 0.0328014185468766
"SRS019552.SRX020547" 0.271759171169874 0.367482049463417 0.0491434390971977 0.101739256284797 0.209449122225873 0.000426961758841869
"SRS019552.SRX020529" 0.213404874949672 0.288460807236131 0.257551136199851 0.21819375441878 0.0221218362497937 0.000267590945772846
"SRS015192.SRX020529" 0.26028262486126 0.212810638958714 0.0294918099136004 0.381697261890097 0.1154022425064 0.00031542186992845
"SRS023019.SRX020682" 0.0510527618929984 0.0549798549163888 0.41838792116045 0.437505878907454 0.000731544584838989 0.0373420385378697
"SRS024545.SRX020682" 0.222342476235816 0.0285389592575621 0.703091911547896 0.000400880848679981 0.0131253991363906 0.0325003729736558
"SRS042602.SRX020690" 0.00917037367523817 0.136569621412102 0.483789774258788 0.119600616241697 0.00677088142416835 0.244098732988006
"SRS063268.SRX020548" 0.0651076648143945 0.0714153946201798 0.731114159256177 0.011160680646394 0.0945658008847439 0.0266362997781106
"SRS042360.SRX021470" 0.00921192349085028 0.000379440227104733 0.350853053786233 0.455137306679744 0.0483096952489775 0.136108580567091
"SRS065711.SRX022229" 0.000601371626491546 0.00124756140893337 0.357163966355604 0.345059222683903 0.0217950375028473 0.274132840422221
"SRS024365.SRX019684" 0.371973255145494 0.0015400077673016 0.297765509937198 0.0374959113553078 0.00192809274658787 0.289297223048111
"SRS018555.SRX020529" 0.00191451451851434 0.0330847071197831 0.517429586437368 0.000465842802212048 0.446195744944886 0.000909604177235672
"SRS055187.SRX020687" 0.104838285456143 0.511407898758457 0.333347854496726 0.045435649649036 0.000907961662212102 0.00406234997742603
"700014999.V35.241686" 0.492958433426725 0.0159553522073951 0.00568438595337767 0.000589453549033154 0.0163973155753082 0.468415059288161
"SRS043187.SRX020686" 0.26387034206597 0.102501454467561 0.314450781193561 0.294629181599552 0.0232099363079614 0.00133830436539337
"SRS045482.SRX020686" 0.214964220281158 0.420562785328932 0.215353984802936 0.144056974752331 0.00390878308024004 0.00115325175440235
"SRS045403.SRX020690" 0.0307459020820583 0.0290389839108328 0.273738556839457 0.288544818009876 0.000307120374293207 0.377624618783483
"SRS019498.SRX020529" 0.00325473591002211 0.126666501573382 0.0100184129143441 0.636687996095078 0.223104587744448 0.000267765762726427
"SRS020267.SRX019636" 0.114775997661596 0.0378170169224368 0.173325060684659 0.669075489125227 0.000876580103229066 0.00412985550285084
"SRS017549.SRX019635" 0.0512664278662645 0.038240077760542 0.398711169270594 0.502012108183821 0.00919157094198204 0.00057864597679656
"SRS020263.SRX019636" 0.407497822558257 0.431494837240184 0.000741008115266079 0.159419654644735 0.000447200535715402 0.000399476905842867
"SRS017549.SRX019636" 0.0269811581403597 0.0270849981466564 0.473236675117715 0.460226508682645 0.0116137423027287 0.000856917609894633
"SRS020267.SRX019635" 0.0843847327587881 0.0164288543069847 0.161760964362832 0.71231379514898 0.00082529039913766 0.024286363023277
"SRS023768.SRX019681" 0.621702824140576 0.00157600152123911 0.293700275212357 0.0816460474929929 0.000744875635016818 0.000629975997818482
"SRS020443.SRX019682" 0.604680688974515 0.00664019307726896 0.286434849767141 0.000905318110066068 0.0005615084301452 0.100777441640864
"SRS058182.SRX019682" 0.397364634810956 0.536074672903022 0.000655441917501314 0.0651141102752554 0.000455324605094796 0.000335815488169711
"SRS024363.SRX019684" 0.177437311227005 0.00115240139170819 0.43173758237562 0.279172848867172 0.000509077129924879 0.10999077900857
"SRS024482.SRX019684" 0.231760920448586 0.163260932214632 0.000686040966035703 0.603565290179521 0.000469392156622526 0.000257424034603348
"SRS017731.SRX019687" 0.216472972945269 0.546976191065653 0.000824071163271139 0.121247083873754 0.000681273441327457 0.113798407510726
"SRS017487.SRX019687" 0.000465999888694994 0.000458711756214705 0.620560268625891 0.134513850001647 0.0585577824329839 0.185443387294569
"SRS024124.SRX019686" 0.325769193418411 0.0209733358499586 0.0873038324037092 0.394108226763435 0.000359302115089787 0.171486109449396
"SRS016672.SRX019691" 0.000338886464521999 0.213873242253471 0.173311575459972 0.424633204382939 0.0364223000080691 0.151420791431027
"SRS023942.SRX019690" 0.16823506000722 0.00153210937354015 0.000361040470940213 0.773136997318514 0.00050835371913387 0.0562264391106517
"SRS018343.SRX019691" 0.83385110278029 0.0488641259904775 0.00829678810398459 0.0746039140474356 0.00578586295175323 0.028598206126059
"SRS017035.SRX019691" 0.290749861246298 0.323273413091689 0.0230520375230235 0.276216800499161 0.0147097579597105 0.0719981296801182
"SRS013727.SRX019690" 0.071038761466336 0.0275512309087536 0.00177958248183608 0.663096310938888 0.000937988187085199 0.235596126017101
"SRS023944.SRX019690" 0.299229342131705 0.0284439537559166 0.0367176472004784 0.486996545369395 0.000643977195667543 0.147968534346837
"SRS024236.SRX019696" 0.830938690820644 0.00609680602646112 0.00180333359202274 0.0781544617858156 0.000755743499644189 0.0822509642754121
"SRS022641.SRX019696" 0.0138742014632265 0.0451381725611615 0.181363000178627 0.524189664110418 0.00261965299334399 0.232815308693223
"SRS016376.SRX019693" 0.0860486463633495 0.00423670472770802 0.901240787261461 0.00704704355240015 0.000538184136692552 0.000888633958388291
"SRS022643.SRX019696" 0.00048679433418878 0.00201657515403811 0.225655161181406 0.763437926449141 0.000764187755888194 0.00763935512533825
"SRS022637.SRX019696" 0.000730991844751655 0.27336349713465 0.391112207594091 0.183869043974927 0.00033608587675329 0.150588173574828
"SRS022643.SRX019692" 0.0023442103627074 0.0124447034559349 0.243456362645906 0.715027879522219 0.000885254873435346 0.0258415891397975
"SRS023942.SRX019698" 0.153958280848905 0.00342756479901771 0.000509585014898469 0.746054262363664 0.00058976062929939 0.0954605463442155
"SRS016883.SRX019696" 0.847661638029484 0.022064425886819 0.123324897572666 0.00398486768258191 0.000788979463515413 0.00217519136493367
"SRS023204.SRX019696" 0.430579561132448 0.459442416859502 0.00101709756484157 0.039278525840718 0.000485586409301977 0.0691968121931886
"SRS022639.SRX019696" 0.000624467039377519 0.853060940558856 0.00350809132486653 0.141331670668705 0.000476306614280937 0.000998523793913686
"SRS023942.SRX020204" 0.234613102340957 0.0101887662370967 0.000361819446210588 0.705804641547388 0.00039684361161182 0.0486348268167355
"SRS022639.SRX019692" 0.000729469076521455 0.915476819379063 0.00228300327431768 0.0802893996792632 0.000564838075470072 0.000656470515364747
"SRS044714.SRX020217" 0.269905162277402 0.00176284485875296 0.503814140736031 0.221065491778931 0.00235239831820527 0.00109996203067782
"SRS023768.SRX020198" 0.428637247624656 0.026856421713954 0.356381770301268 0.172126738791289 0.0153375845294019 0.000660237039430441
"SRS024659.SRX020208" 0.272692168211894 0.00138284342469251 0.695801702140207 0.00527611883610548 0.0242357061420501 0.000611461245051052
"SRS016376.SRX020205" 0.196766417098951 0.0151309461480403 0.75896956073007 0.0155057650790947 0.0116920036347388 0.00193530730910471
"SRS024058.SRX020198" 0.399565115019932 0.121899691436813 0.00102221878512644 0.476017114024655 0.000539120763035437 0.000956739970438177
"SRS019554.SRX020560" 0.242718613421101 0.365473966367716 0.195560775941812 0.113616038409238 0.0567703667524195 0.0258602391077139
"SRS015196.SRX020561" 0.00170366857441234 0.000325314279994275 0.000958338269181261 0.000738234814194325 0.995872300166449 0.000402143895768709
"SRS014927.SRX020561" 0.00177507581609841 0.00661826591550233 0.000418882458048748 0.563774581663076 0.427167160831066 0.00024603331620783
"SRS019558.SRX020561" 0.119488908267386 0.0469384000204995 0.232150893964204 0.41614748983935 0.185044082365132 0.000230225543428634
"SRS019554.SRX020561" 0.204777956513744 0.512773326923123 0.203994249877837 0.0157481857075891 0.0623614256239736 0.000344855353733066
"SRS015196.SRX020582" 0.010516085129336 0.000371007022681284 0.000877826506500907 0.00331522223639527 0.98445517989404 0.000464679211046118
"SRS019554.SRX020582" 0.23148055159691 0.54917476512618 0.122919251543307 0.0525509646824526 0.0433978314175317 0.000476635633619031
"SRS019677.SRX020561" 0.147775004328239 0.477981787230099 0.213134766564915 0.0596860733662473 0.101155583788724 0.000266784721776231
"SRS019677.SRX020582" 0.133982460943982 0.607505803460211 0.195917999879219 0.00706133558901754 0.0551542755915887 0.000378124535982612
"SRS019005.SRX020510" 0.0541656229051172 0.00256387541504415 0.473993237662997 0.388166400458204 0.080393967008316 0.000716896550321438
"SRS019005.SRX020520" 0.0311154942450831 0.010391911946154 0.477158344296644 0.40773231342677 0.0730484716729643 0.000553464412384748
"SRS011551.SRX020668" 0.301690117022974 0.000603168559870938 0.000312020676465041 0.000627990498048643 0.000348479305840311 0.6964182239368
"SRS017189.SRX020571" 0.18547067248189 0.0402879492055686 0.0759591726511191 0.0267527572453904 0.262874176731949 0.408655271684083
"SRS019552.SRX020551" 0.351870425638955 0.331024980976307 0.145495171569168 0.170777094052274 0.000510964595646403 0.000321363167650664
"SRS019554.SRX020551" 0.259470792319273 0.404741406340764 0.178394109368259 0.15662036988195 0.000385841528671194 0.000387480561083305
"SRS019552.SRX020557" 0.341969546153273 0.331470441427386 0.10782602422836 0.0376532027760674 0.180701461674127 0.00037932374078579
"SRS016052.SRX020566" 0.00167001032701032 0.000739591879736043 0.30273906451667 0.121747715522368 0.500348377227962 0.0727552405262536
"SRS015860.SRX020566" 0.129944961304246 0.000922486801193125 0.234556014836159 0.00404944270383894 0.601181206404312 0.0293458879502515
"SRS057750.SRX020524" 0.401416714440156 0.34466454294232 0.212388557922657 0.0201607607782268 0.0211037819434916 0.000265641973148237
"SRS047456.SRX020549" 0.35491395599586 0.0374632808520958 0.120709348006028 0.229649590030472 0.178390185779972 0.0788736393355725
"SRS054358.SRX020549" 0.120934830902403 0.215431139889126 0.00122857648699911 0.247821785975143 0.345281277591313 0.0693023891550166
"SRS053553.SRX020549" 0.234266245710442 0.556202360758132 0.000592521614880142 0.000515550881628371 0.208057070783724 0.000366250251193639
"SRS018958.SRX020529" 0.557769749305697 0.0924246885732952 0.0112434141050257 0.24373625938098 0.0884632963222164 0.00636259231278511
"SRS019308.SRX020529" 0.440128215618994 0.158113330796359 0.284386334620894 0.0455433991686317 0.0714432360824289 0.000385483712692813
"SRS018860.SRX020529" 0.0193272896558424 0.611404044564219 0.274698611320791 0.000703890857935475 0.0933860645128659 0.000480099088347186
"SRS019627.SRX020529" 0.0690970262174627 0.00611658492566224 0.119901232505208 0.158116491261312 0.646378265842698 0.000390399247658231
"SRS018698.SRX020529" 0.581833777802429 0.00264385068465827 0.357970937420608 0.0142535938747822 0.0427184081989059 0.00057943201861695
"SRS014927.SRX020529" 0.0887121449572846 0.000759250419812667 0.0294068746338848 0.638315049996056 0.242075444536863 0.000731235456098399
"SRS063964.SRX020517" 0.0674235282035204 0.224832399153961 0.0015701504181206 0.607103683985339 0.098775904932771 0.000294333306288137
"SRS065533.SRX020517" 0.000295726024700076 0.000204050331877096 0.000206271627677025 0.998834585999767 0.00027828495899571 0.000181081056982741
"SRS053393.SRX020527" 0.905792188327406 0.000676464131811881 0.000938346897495888 0.0658073193724665 0.000590720041087338 0.026194961229732
"SRS014879.SRX020566" 0.171010645444273 0.129307625602555 0.00147832094887466 0.383089457688313 0.195011433639697 0.120102516676288
"SRS044071.SRX020524" 0.689482962307141 0.238196456087964 0.0627860605125393 0.0084747965258855 0.000742594366904812 0.000317130199566153
"SRS023017.SRX020679" 0.423329225844284 0.343731847704408 0.0436305099437061 0.174308723612942 0.014253298623966 0.000746394270694694
"SRS057843.SRX020524" 0.518387781245727 0.412966769585689 0.0196618462537844 0.0482152043756343 0.000458146315791925 0.000310252223373755
"SRS021569.SRX020679" 0.31300088453688 0.165280952326911 0.0643530396175811 0.435116472359268 0.00601946331930539 0.0162291878400539
"SRS022444.SRX020680" 0.803192295522694 0.00289992430898488 0.00160705193226596 0.145249139412794 0.00223936348120146 0.0448122253420594
"SRS023881.SRX020681" 0.400499371570247 0.400161296507861 0.119964983374021 0.0220156360470583 0.00773919353016271 0.0496195189706492
"SRS047925.SRX020681" 0.798543125786438 0.056547931238934 0.0735673467004692 0.0421642728905836 0.00087982498970327 0.0282974983938717
"SRS021631.SRX020682" 0.0763389187232053 0.319426893059552 0.177387388116202 0.108535581245358 0.000951739416342824 0.31735947943934
"SRS020151.SRX020682" 0.41201590541783 0.044775845213321 0.275293847978747 0.01442203787504 0.000988214294140455 0.252504149220921
"SRS021575.SRX020683" 0.00605682598159587 0.00242154908603021 0.000735671822804954 0.98997776589936 0.000355763763077695 0.000452423447131178
"SRS044141.SRX020684" 0.0546932418656907 0.424401852374113 0.00385975912588585 0.099835963529365 0.000826886585056773 0.416382296519889
"SRS058765.SRX020684" 0.22769326343838 0.545450850761783 0.0257571008784723 0.200479327243775 0.000328932345512721 0.000290525332077432
"SRS058390.SRX020684" 0.685572803349086 0.25108172182495 0.0318386511901574 0.00760950535594966 0.000439983908872268 0.0234573343709851
"SRS053457.SRX020685" 0.17839256561213 0.535030531116238 0.000761479813599209 0.284959816676948 0.000481435765323211 0.000374171015761648
"SRS042235.SRX020685" 0.155756937703273 0.794702131057254 0.001281075820423 0.046225806041284 0.000491836121707324 0.00154221325605778
"SRS046835.SRX020685" 0.0814320360104696 0.191745844020125 0.00937251640573642 0.716885861111729 0.00031427343910569 0.000249469012834483
"SRS046379.SRX020686" 0.00145879234787623 0.00124368920882036 0.680029334913881 0.285594474373074 0.0209911036725638 0.010682605483785
"SRS058273.SRX020686" 0.230376872249387 0.128429759290256 0.0567920656822993 0.490960701871138 0.000551405159475252 0.0928891957474446
"SRS047484.SRX020686" 0.497652528900223 0.103487567453487 0.142303134082029 0.229049364672627 0.000520052864593704 0.0269873520270407
"SRS053138.SRX020686" 0.384244278151197 0.339264637204464 0.131159922431779 0.103753466931269 0.000326857525878009 0.0412508377554126
"SRS055673.SRX020687" 0.175795669245511 0.280187043886306 0.460951715234165 0.0699189328019042 0.0116680319631573 0.00147860686895747
"SRS050248.SRX020687" 0.193888345673644 0.276284336937715 0.476363263488566 0.051299143578252 0.00193919658864694 0.000225713733176705
"SRS043241.SRX020687" 0.37148024096943 0.0244871627870823 0.340369011700324 0.224110423091053 0.000784313576035012 0.0387688478760755
"SRS043568.SRX020688" 0.0756122529045572 0.0350601727624779 0.744697409767307 0.13077092825423 0.0132403742335915 0.000618862077836563
"SRS048865.SRX020687" 0.442046133893034 0.148908397406027 0.291235042649398 0.0882431302675037 0.000599604114051767 0.0289676916699859
"SRS046089.SRX020688" 0.246796635309127 0.0860291592924173 0.503568682133714 0.06721722465032 0.000565262378111406 0.0958230362363094
"SRS053304.SRX020688" 0.013437671074433 0.0173624302992406 0.701301185614391 0.236374170627092 0.000914326350787192 0.0306102160340567
"SRS063456.SRX020689" 0.0713116038711532 0.00125745782471118 0.538199758353127 0.318440006070441 0.0699996828369497 0.000791491043618348
"SRS042830.SRX020688" 0.242945754830888 0.171571966402549 0.504967673529471 0.0514815475156755 0.00274146717699188 0.0262915905444251
"SRS063488.SRX020689" 0.145526785220391 0.177921985644164 0.0592442449679695 0.494704580673815 0.00069183368822507 0.121910569805436
"SRS063168.SRX020689" 0.255269318356666 0.169320006064111 0.00110238173953927 0.0509269865689951 0.000426223807397641 0.522955083463292
"SRS064030.SRX020689" 0.506703403380731 0.0332397516060857 0.0781417989283979 0.366651595492478 0.000495860183484123 0.0147675904088235
"SRS064312.SRX020689" 0.174061452982394 0.000578065019741683 0.355894521482736 0.468334849626884 0.000489286112768574 0.000641824775475887
"SRS052599.SRX020690" 0.0135459986943097 0.0068906809365791 0.625586607072891 0.35223796298677 0.00125900773310532 0.000479742576344192
"SRS046874.SRX020690" 0.204870091049201 0.157274291666032 0.203145518066544 0.263432569906048 0.000321838214024399 0.170955691098151
"SRS058273.SRX020690" 0.157258617572616 0.100119966826179 0.161489788635306 0.424300077848752 0.000499074707851153 0.156332474409295
"SRS056677.SRX020690" 0.0650660901653902 0.0140981782130631 0.509278010209627 0.256355362463845 0.00933628414144723 0.145866074806627
"SRS043928.SRX020549" 0.51768051237895 0.0391223782023324 0.00103971743802577 0.340775748268281 0.0907627665270702 0.0106188771853413
"SRS048843.SRX020529" 0.162766970307402 0.031151676303899 0.493613762693603 0.21988380971512 0.0920598357100283 0.000523945269947182
"SRS018858.SRX020529" 0.00337407758942446 0.475691685551811 0.399183485921989 0.0672819058552854 0.0541131870442308 0.00035565803725968
"SRS055888.SRX020527" 0.253180295208387 0.00210206870928828 0.609251411718234 0.101635216347395 0.0335087820676553 0.000322225949040518
"SRS015192.SRX020561" 0.164062918850231 0.169189536248788 0.02417393544599 0.259841471173578 0.382321357910955 0.000410780370457566
"SRS015198.SRX020582" 0.00052559370041787 0.000656634798450401 0.000749901683073296 0.0770567670809597 0.9206647672498 0.000346335487299256
"SRS042958.SRX021470" 0.0340237619645452 0.000383053066902386 0.00123135172931359 0.91555662300663 0.0483075298813096 0.000497680351299096
"SRS023699.SRX022223" 0.271061379933712 0.311761107399161 0.00130090157777233 0.272828523681146 0.0667991579869223 0.0762489294212865
"SRS023137.SRX022226" 0.195069745167889 0.419285592144901 0.00140151113621842 0.382870841067134 0.00073016515222431 0.000642145331633522
"SRS062733.SRX022229" 0.334345087418354 0.0289659388638514 0.00209744573616275 0.629965953166878 0.00116377143015899 0.00346180338459447
"SRS062799.SRX022229" 0.00139612920104085 0.00805576010646152 0.138869205649879 0.411644827998639 0.000526662709511645 0.439507414334468
"SRS046325.SRX022229" 0.0330101263013337 0.000370672077477652 0.208248641998629 0.596927925287219 0.0511817457316902 0.11026088860365
"SRS063931.SRX022229" 0.00642034259193567 0.000596711090658126 0.351289955101868 0.532484170163113 0.000814341185996708 0.108394479866428
"SRS065597.SRX022229" 0.341000083697969 0.428669270659272 0.00113290371372607 0.226035265395625 0.000975830051213384 0.00218664648219427
"SRS021095.SRX022230" 0.042160703162902 0.752331288524097 0.0775072176527904 0.126509052204411 0.000785502638765798 0.000706235817033807
"SRS050217.SRX022238" 0.287517828846379 0.0693175450956283 0.000524577896966576 0.641401287488308 0.000899859145189183 0.000338901527528573
"SRS042248.SRX022238" 0.110665450633556 0.15601355691339 0.0345428191505137 0.696645515900269 0.0015171942824176 0.000615463119853852
"SRS058051.SRX022238" 0.309250758822637 0.359578667326336 0.00749439744159391 0.246463048512683 0.0104037927607806 0.0668093351359691
"SRS051280.SRX022238" 0.0660182588257821 0.234382246167615 0.552531810059428 0.0440681474657202 0.000626391185227942 0.102373146296227
"SRS043400.SRX022238" 0.0362447500287376 0.206879581795916 0.00172329366352785 0.0966381549262222 0.0088147260790361 0.64969949350656
"SRS047507.SRX022238" 0.264281580185713 0.420643620121386 0.000488094127229141 0.313567700425699 0.000564625624936085 0.000454379515035963
"SRS020954.SRX022233" 0.237349488495848 0.474627005060891 0.0998283974775989 0.109234213898171 0.000654243785604353 0.0783066512818864
"SRS022257.SRX022233" 0.000204594792045062 0.00021305402108764 0.000346068511204826 0.404459470058481 0.000410558447626125 0.594366254169555
"SRS021394.SRX022233" 0.114628680418223 0.484739363318466 0.00111747126767203 0.397299472452506 0.000777372703197103 0.00143763983993659
"SRS055231.SRX022234" 0.372241399892175 0.238716999094987 0.00106427273097204 0.350289281975883 0.000610688020544887 0.0370773582854376
"SRS051696.SRX022234" 0.38676781327591 0.0838911687488543 0.150425849524046 0.376958434056064 0.000631131206539752 0.00132560318858586
"SRS057272.SRX022234" 0.00124089917540353 0.000491731892289927 0.000315756969267631 0.996909852114214 0.000643975012258251 0.000397784836566842
"SRS056107.SRX022234" 0.155896865232036 0.519870399595092 0.00564997831737588 0.276035071092427 0.000533461673345411 0.0420142240897245
"SRS021820.SRX022231" 0.129010689794182 0.263596238854981 0.416677043620473 0.187423520939426 0.00110152378147168 0.00219098300946632
"700015480.V35.241665" 0.826966693522464 0.000736685006068834 0.000944963443098948 0.169545921181469 0.000861082094277643 0.000944654752620746
"700014996.V35.241686" 0.158005338819081 0.0493353071774563 0.0354174182686038 0.331104257477016 0.000490631287859054 0.425647046969983
"700033022.V35.241834" 0.0442224165899211 0.624830096030471 0.000904043401667463 0.169303115286418 0.107656630348338 0.053083698343185
"SRS018218.SRX019639" 0.453861018582344 0.259087317463473 0.25474280185229 0.0311434821257519 0.000623334732542506 0.000542045243598887
"SRS024122.SRX019686" 0.470029148119072 0.000723284993179184 0.0613926750153549 0.233488877785736 0.000513645629115691 0.233852368457543
"SRS017371.SRX019687" 0.0478152683835234 0.0914439624224567 0.858792374197729 0.000687036943746523 0.000464905874317166 0.000796452178226685
"SRS017485.SRX019687" 0.0626718745794419 0.230340433442632 0.420186407051318 0.260091603587483 0.00110189043807042 0.0256077909010548
"SRS022002.SRX019689" 0.161264190864463 0.000874393384577943 0.0479483831095294 0.745576906815121 0.00910358091586454 0.0352325449104446
"SRS017032.SRX019691" 0.394178929163463 0.143525252644803 0.0530614614488973 0.314308862792165 0.00062903658892106 0.0942964573617503
"SRS017963.SRX019690" 0.80632582955935 0.000743474889216369 0.00130302921038126 0.160350721372368 0.0289142838467063 0.00236266112197742
"SRS021514.SRX019690" 0.556232954345215 0.272196729906862 0.00324061562556459 0.0692027797192067 0.000667220797694761 0.0984596996054566
"SRS022123.SRX019690" 0.0481588845343184 0.737124731865559 0.00129009826395106 0.0254341061283326 0.000604951722018982 0.18738722748582
"SRS024657.SRX019700" 0.352299057290424 0.00503987442467763 0.540080853600292 0.0874105993159272 0.0143535022312199 0.000816113137459085
"SRS024236.SRX019692" 0.782633924516092 0.000981045153590708 0.0262937116545037 0.113184304054105 0.000515811111262866 0.0763912035104459
"SRS020447.SRX020205" 0.315697129902789 0.00161077306453274 0.300414288664605 0.000741854176714332 0.029450539648208 0.35208541454315
"SRS024657.SRX020213" 0.440516274651271 0.0166161598037076 0.39405409272144 0.116683140415524 0.0316391521549363 0.00049118025312126
"SRS048843.SRX020561" 0.141267715512583 0.0242587985603785 0.501442562895602 0.211638839595425 0.121124892113213 0.000267191322798561
"SRS045752.SRX020561" 0.237648855501456 0.100061438569369 0.29085240367477 0.042306071391389 0.328766822108981 0.000364408754034816
"SRS011435.SRX020662" 0.0591785856706635 0.102953803386603 0.000976493988255037 0.0622956882394333 0.36446528739863 0.410130141316415
"SRS011434.SRX020664" 0.000516733915726133 0.0771395980594399 0.000661056106020859 0.0852335119268513 0.417768687459655 0.418680412532306
"SRS011435.SRX020664" 0.032453833707428 0.0621918843513468 0.000770683529939903 0.035306017602509 0.350351546370933 0.518926034437843
"SRS011179.SRX020515" 0.380787483726909 0.0479790955602296 0.00462722560800756 0.00190174984467769 0.1315514399072 0.433153005352976
"SRS019310.SRX020552" 0.410401901631056 0.00127295394030793 0.281108462832054 0.294476714711028 0.0123904150788555 0.000349551806698251
"SRS019556.SRX020557" 0.163114183384002 0.0227013132994831 0.362846293843119 0.323225521562569 0.127720495262039 0.000392192648787383
"SRS064960.SRX020549" 0.203283840367387 0.00101772060336534 0.619602327776553 0.000789565813169394 0.174875611895452 0.000430933544072509
"SRS018964.SRX020529" 0.133330891603486 0.00382772839161342 0.122686203950933 0.2067032806673 0.509735959897043 0.0237159354896249
"SRS018864.SRX020529" 0.000261281904758825 0.0315572846458877 0.561085033817775 0.0214404677901379 0.163863934294171 0.221791997547269
"SRS042716.SRX020529" 0.365038107414818 0.431742904042051 0.00205397223670961 0.168883934235405 0.0319778444995297 0.000303237571486485
"SRS055001.SRX020527" 0.545738247735058 0.106639422497568 0.322595867639439 0.000802739430284491 0.0238009197857893 0.000422802911860756
"SRS062703.SRX020548" 0.00246575559697165 0.000385408426161086 0.366741392486323 0.425821482421095 0.148769754622722 0.0558162064467264
"SRS063253.SRX020548" 0.000895469010558497 0.00051376004292518 0.305861554307308 0.286973908834307 0.404561153624806 0.00119415418009554
"SRS011549.SRX020660" 0.485634168458957 0.0650364652673438 0.00168123284147429 0.00728576222935453 0.0540296085525687 0.386332762650301
"SRS023015.SRX020679" 0.548633046272587 0.271570073553234 0.135609050385006 0.0432529283103536 0.000448354356698716 0.000486547122120984
"SRS022952.SRX020679" 0.00117683848561392 0.633652135204723 0.000635915868808553 0.00249370405646943 0.000726989082731593 0.361314417301654
"SRS023518.SRX020682" 0.306360817740716 0.366693692232938 0.166908481082388 0.0299875959940953 0.000673286795836218 0.129376126154027
"SRS023017.SRX020683" 0.449021034213984 0.395382742155379 0.0644329273743115 0.0898723732694362 0.000893915143551501 0.000397007843337731
"SRS024539.SRX020682" 0.305560046658161 0.48747271935669 0.15336557472973 0.026028460067906 0.00150776460386221 0.0260654345836512
"SRS050385.SRX020688" 0.399476513654213 0.277021278644928 0.20914270553773 0.112761830223185 0.00101239143002371 0.000585280509920589
"SRS049090.SRX020688" 0.00139393645241189 0.00456702221631579 0.774388086081189 0.205907981424462 0.0131637402577011 0.000579233567920004
"SRS063154.SRX020689" 0.22174285011842 0.236779406361258 0.461239368400932 0.00423274612741756 0.000473901360834666 0.0755317276311382
"SRS050224.SRX020549" 0.00198899775558979 0.364036310108743 0.00236778823737008 0.418142916217883 0.211876161429469 0.00158782625094502
"SRS051800.SRX020549" 0.774533934160395 0.0515100313590178 0.0815626385070802 0.0752850044523336 0.0164259006569139 0.00068249086425955
"SRS056515.SRX020524" 0.695661222930944 0.265613832348646 0.0010786676728489 0.0324950985099692 0.000733213790931045 0.00441796474666132
"SRS055354.SRX020527" 0.705105189285522 0.031133478760114 0.0503746531439127 0.212247653420915 0.000726237055838231 0.000412788333698511
"SRS019500.SRX020552" 0.0663509198628533 0.320428324118632 0.0286595943648246 0.580279523561431 0.00366332056512826 0.000618317527130304
"SRS064620.SRX022229" 0.440610273126204 0.243149800918032 0.000755229059377321 0.197650879718059 0.0234323346226141 0.0944014825557136
"SRS049647.SRX022238" 0.250898710964606 0.550743649270426 0.00111426184499839 0.192236568305366 0.000758709300685802 0.00424810031391724
"SRS020956.SRX022233" 0.103545407618466 0.540275682320897 0.0237308265598431 0.135553286014509 0.000717852011837003 0.196176945474448
"SRS051535.SRX022234" 0.523332052888829 0.174833436651701 0.112590313392388 0.0491465069309534 0.000582016250514188 0.139515673885615
"SRS054236.SRX022234" 0.745897576119331 0.168425009295903 0.00110444143836509 0.0811950198828371 0.000687882493820847 0.00269007076974282
"700033025.V35.241834" 0.000718748779120382 0.805322136027 0.000901087188862849 0.0656220106367975 0.00280423305558037 0.124631784312639
"SRS045536.SRX020527" 0.176348214931334 0.639431920525901 0.129258350402226 0.051631482273659 0.00112368917522996 0.00220634269164992
"SRS047862.SRX020549" 0.659511170732683 0.280471755944824 0.000647325305919263 0.000584823920775585 0.0583055850883351 0.000479339007462842
"SRS058328.SRX022238" 0.502068977408914 0.334070200825875 0.0017656795563748 0.160832743433409 0.000675426217566879 0.000586972557861649
"SRS053713.SRX022238" 0.0471086972058985 0.252647230693268 0.425746192091143 0.00139737060705871 0.000376670997849725 0.272723838404782
"SRS043159.SRX020686" 0.371110785813984 0.307600547021409 0.218667880990326 0.00179237524081479 0.00590445585112184 0.0949239550823433
"SRS044714.SRX019682" 0.343006697779105 0.00352375891169177 0.497849733078137 0.148215852844082 0.00683105168611823 0.000572905700866356
"SRS011611.SRX020662" 0.0469967223756362 0.196067965044718 0.0875226228364602 0.145960265300122 0.482197954827741 0.0412544696153222
"SRS014452.SRX020557" 0.582119969236268 0.00101587753831281 0.000928590376805295 0.000497547029956142 0.40318577236127 0.0122522434573885
"SRS050616.SRX020524" 0.146132389948733 0.764752020241637 0.00360539397077449 0.0839683169151924 0.00121848004918188 0.00032339887448127
"SRS043160.SRX022238" 0.0895332900340411 0.110783259146713 0.605878906451505 0.0162971613335575 0.000679396446315329 0.176827986587868
"SRS057305.SRX022238" 0.131009682847198 0.296673107960504 0.0200118826840668 0.551172736787513 0.000508788834913476 0.000623800885805683
"SRS014877.SRX020561" 0.686497910918068 0.00157994671685624 0.000959772178833921 0.000547949750129065 0.259002700986153 0.05141171944996
"SRS020149.SRX020680" 0.511374292244257 0.259463109427598 0.217096286014933 0.0111377528475419 0.000509309874554685 0.000419249591114833
"SRS049278.SRX020681" 0.763655340451979 0.232410115668987 0.00169222149501684 0.000832433139451955 0.000607661299016618 0.000802227945548091
"SRS049434.SRX020684" 0.0658514218227022 0.0857756975784376 0.528045242796802 0.241416806187181 0.000499687806602499 0.078411143808275
"SRS054126.SRX022234" 0.0112437348315366 0.44347762720445 0.0008081404255268 0.0841247978494778 0.000535635835642599 0.459810063853366
"SRS018027.SRX019639" 0.64303350453482 0.100086776625211 0.141332583499948 0.114680962586139 0.00043323192511308 0.000432940828768543
"SRS017483.SRX019687" 0.365685525440148 0.0517892994216379 0.280542262578316 0.0917063096429779 0.00353813445901516 0.206738468457905
"SRS024240.SRX019689" 0.364264904211469 0.000465157191257414 0.286918378970829 0.0873935610664994 0.00063828227951648 0.260319716280429
"SRS017483.SRX020208" 0.332253525058633 0.0388192160216981 0.460185392257708 0.00298859981640163 0.000967219099242188 0.164786047746317
"SRS063933.SRX020549" 0.18248157199466 0.00187722563271167 0.551928896016237 0.165339726467818 0.0969709368509318 0.00140164303764176
"SRS043722.SRX020549" 0.383586066212217 0.000724749290897855 0.342863588482295 0.2302439064992 0.0422448923797145 0.000336797135675993
"SRS064781.SRX020517" 0.387489275127108 0.0797634100597228 0.41433672266665 0.0730636355053547 0.0255041202944138 0.0198428363467514
"SRS049082.SRX020684" 0.21440215431315 0.613995396686156 0.0340190286314057 0.00034255848325111 0.00051289469798688 0.13672796718805
"SRS063926.SRX020549" 0.636150878064134 0.140607237348343 0.221768588707959 0.000593377604847769 0.000521943905753598 0.000357974368962955
"SRS056867.SRX020527" 0.135929407754397 0.0293677966340999 0.181913257832469 0.592951521242364 0.00272050586567066 0.0571175106709985
"SRS046412.SRX022238" 0.331219893802773 0.286970558228115 0.0042511211195071 0.0102169549207125 0.000591272883918148 0.366750199044974
"SRS015807.SRX020562" 0.0850969703364894 0.409840516781171 0.100013057751283 0.013341797481436 0.105583132790509 0.286124524859111
"SRS048741.SRX020549" 0.339716376857171 0.421132217636446 0.00329541120936382 0.029570665199547 0.205676376783041 0.000608952314430383
"SRS014237.SRX020561" 0.163310639484122 0.388510034870956 0.0891587417092143 0.00036220009701966 0.0989089592401887 0.259749424598499
"SRS014237.SRX020566" 0.163462707088195 0.360021047387906 0.100608796784594 0.00038233231684973 0.111898308392299 0.263626808030157
"SRS046477.SRX019685" 0.169962953346636 0.550092600779708 0.000536404358183046 0.119496284922374 0.000330684222892238 0.159581072370207
"SRS017371.SRX020208" 0.041571931983838 0.075457309056562 0.880547194053325 0.000573970501133225 0.000573999303603619 0.00127559510153785
"SRS045406.SRX020560" 0.341788761453845 0.598852406765961 0.00143648553830104 0.0110929727327953 0.046474543834101 0.000354829674996604
"SRS019003.SRX020510" 0.566340995588854 0.00541668173173024 0.134240265125251 0.0418732257207453 0.000685503131333032 0.251443328702087
"SRS064510.SRX020690" 0.174355500369073 0.421810340479858 0.395691487762299 0.000424972285078367 0.00743495231126385 0.00028274679242735
"SRS044586.SRX022238" 0.0210211244045668 0.239321614417474 0.587351183844705 0.0737192530651779 0.000318490295992243 0.0782683339720839
"SRS050307.SRX022234" 0.383228187202159 0.5753699077134 0.000827969270121775 0.0396618079077866 0.000475483141345682 0.000436644765186276
"700033180.V35.241783" 0.188544483746824 0.408916973714391 0.200859031162174 0.0851663609842238 0.000377511669820685 0.116135638722566
"SRS019681.SRX020561" 0.105639110252359 0.184922880810485 0.384889552920486 0.0192915313430515 0.304907679521143 0.000349245152476768
"SRS015137.SRX020561" 0.0165050208227547 0.369748131381188 0.00050474443049672 0.000394433150719806 0.612526318613153 0.000321351601687839
"SRS015194.SRX020561" 0.0311210900026078 0.2310792970303 0.000768584918948036 0.166001426541563 0.487899771317914 0.083129830188667
"SRS014929.SRX020561" 0.0389884537584375 0.000509847410611086 0.000630383014877789 0.06987791328632 0.849789917059399 0.0402034854703541
"SRS015137.SRX020582" 0.000879326966079899 0.378175043309956 0.000561996047464853 0.000457698294036915 0.619537612057138 0.000388323325324756
"SRS014883.SRX020566" 0.000819474310255838 0.00105411299482486 0.000886716763015837 0.000773963511668021 0.829269577412802 0.167196155007433
"SRS042974.SRX020524" 0.820503791274696 0.0680838719029837 0.0329968266311535 0.00206004470006254 0.0758523080420923 0.000503157449011715
"SRS047078.SRX020549" 0.109421569488424 0.000424864647148962 0.00580114797843067 0.238152584560899 0.356364121574432 0.289835711750666
"SRS014617.SRX020561" 0.024438777962526 0.278107892701141 0.00136236029078649 0.000417685311201119 0.694582231538014 0.00109105219633109
"SRS014827.SRX020561" 0.162829420468643 0.0587378410801367 0.000660281767404669 0.00143524974687077 0.326837908037704 0.449499298899241
"SRS022637.SRX019692" 0.001178635418169 0.298145120582705 0.43372603341052 0.161737030488371 0.000360480823134087 0.104852699277101
"SRS011641.SRX020515" 0.1942567684232 0.380952565594856 0.00195342284295453 0.0886742558017615 0.239984698520979 0.0941782888162487
"SRS048785.SRX022234" 0.143649477015542 0.240087316741919 0.270945918947573 0.123379195787944 0.00105786956389285 0.22088022194313
"SRS024361.SRX019684" 0.640584713371044 0.00998801582252233 0.0901600569328173 0.121668664231158 0.00070664245895919 0.136891907183499
"SRS019705.SRX020529" 0.0121002971987308 0.364920132554752 0.236777440729338 0.197781997812884 0.18779068288869 0.000629448815604319
"SRS011606.SRX020660" 0.392238020412044 0.493237183823836 0.00280964860429768 0.0646000303221708 0.0466993951326113 0.00041572170504011
"SRS023635.SRX019635" 0.000951907464477158 0.655399622849176 0.340044549880538 0.000858716792295971 0.00224226830817689 0.000502934705335819
"SRS023635.SRX019636" 0.00144827247375008 0.652965198773106 0.31704916134255 0.027617262527205 0.000510969858472838 0.000409135024916864
"SRS016883.SRX019692" 0.91465365356022 0.00186982960260234 0.080958237763392 0.00134634569447318 0.00070944309555506 0.000462490283757371
"SRS011608.SRX020660" 0.493333495412244 0.293929441781336 0.00167058465698355 0.0823127747786926 0.112641947943114 0.0161117554276302
"SRS011608.SRX020668" 0.521677749263637 0.239542213223751 0.0272643364171109 0.0854680202463737 0.0992632681435358 0.0267844127055916
"SRS011555.SRX020662" 0.287502622797807 0.00242083773163168 0.0931526442073537 0.0008767707264109 0.0929028754601962 0.523144249076601
"SRS011555.SRX020664" 0.388499629689573 0.00969943754626912 0.0709592230707249 0.00106174430856521 0.0906318200912091 0.439148145293659
"SRS019180.SRX020552" 0.0592561600571615 0.539612276808583 0.375071276422765 0.000773795848069076 0.0249488365919927 0.000337654271428393
"SRS019681.SRX020529" 0.171978045805009 0.097042208891281 0.520141162304465 0.0675813963952792 0.142967103416241 0.000290083187725083
"SRS064171.SRX020548" 0.036046789224504 0.000579537747525978 0.450072092421781 0.206213123966006 0.168951456079233 0.13813700056095
"SRS022510.SRX020680" 0.2958610596852 0.301187109772749 0.209100546478596 0.000457570518573094 0.000445433691800915 0.192948279853081
"SRS022508.SRX020682" 0.294013058048344 0.167873412157871 0.318332669673618 0.00311676224698886 0.0261170359202604 0.190547061952919
"SRS022510.SRX020683" 0.308090401032725 0.259168042881269 0.13369227422256 0.000692040944958663 0.000399510311372804 0.297957730607115
"SRS049278.SRX020683" 0.662965916975758 0.306347820479695 0.0265715514152569 0.0025320630546189 0.000533812850258796 0.00104883522441189
"SRS051984.SRX020685" 0.198426875746323 0.394577489009847 0.148171229849732 0.257902612358318 0.000395093690020373 0.000526699345759709
"SRS052312.SRX020687" 0.25403111757524 0.339327308213531 0.405835144775962 0.00029881962174908 0.000261086311385047 0.000246523502132521
"SRS052219.SRX020561" 0.316221471632985 0.123858410480463 0.171648529782425 0.00060246574795382 0.387238376130496 0.000430746225677113
"SRS021818.SRX022233" 0.0388795143729449 0.139973279254081 0.294206673153611 0.487754680910348 0.000302015783824836 0.0388838365251898
"SRS017849.SRX019691" 0.391373200730586 0.0343422196263865 0.000497238572277942 0.0497072449853097 0.000385147099945556 0.523694948985495
"SRS013727.SRX020218" 0.0988744304829069 0.0346470418575668 0.00137580433470307 0.661626524983356 0.000819232725863214 0.202656965615604
"SRS046871.SRX020681" 0.673003613436434 0.0237570263078738 0.0739331497995614 0.0006601518931967 0.000615995124591472 0.228030063438343
"SRS018163.SRX019682" 0.000610411923557195 0.247766852828662 0.00060045239850765 0.000955293467512589 0.000504431728516579 0.749562557653244
"SRS017365.SRX019687" 0.340451786547778 0.0167204661959942 0.579225621917223 0.000690548110998382 0.000693162459190597 0.0622184147688159
"SRS017673.SRX019689" 0.126252091758105 0.000995065661665244 0.360311950121402 0.00216378842394688 0.000713298583353018 0.509563805451528
"SRS020899.SRX019691" 0.371979198335152 0.370193165260048 0.129483004469288 0.0654788714512907 0.000770073512450679 0.0620956869717711
"SRS023206.SRX019696" 0.546102293612219 0.0601618434811711 0.183767677411433 0.00156155935851473 0.00104091553202836 0.207365710604634
"SRS015901.SRX020510" 0.861756280935567 0.098315468179253 0.00133380451855364 0.00468503472717988 0.0189367636464536 0.0149726479929925
"SRS011549.SRX020668" 0.430534467872374 0.000679042776503743 0.000392296229892417 0.0232371341195875 0.0264931025388191 0.518663956462823
"SRS011640.SRX020515" 0.348500806245875 0.000448959128086991 0.000752538818387517 0.273678917885169 0.121530002660254 0.255088775262228
"SRS015289.SRX020529" 0.258523355646845 0.102701066559184 0.458596887671213 0.000454486589624694 0.0927209790387573 0.0870032244943761
