"1" "2" "3" "4" "5" "6" "7" "8"
"SRS043704.SRX020690" 0.101446922848526 0.300344368677241 0.433376488764961 0.0396044222265066 0.000389959741018771 0.000627264351953708 0.123891858979356 0.000318714410436027
"SRS049355.SRX020682" 0.260805691850186 0.038642987713264 0.556329686447284 0.000594870308712894 0.0529697959337604 0.000827926560145825 0.0576925957981345 0.0321364453885122
"SRS019556.SRX020561" 0.105347001444052 0.0927753545753343 0.198407418789193 0.441725029994803 0.0140196256751952 0.147247301339433 0.000217056773510929 0.000261211408478829
"SRS015198.SRX020561" 0.000363048556202471 0.00017534374080199 0.000687814352346992 0.0835796592485018 0.0393891192695686 0.875389358878129 0.000225017432930525 0.000190638521519356
"SRS019679.SRX020561" 0.095256675766501 0.000697870398380685 0.388521658481401 0.0212608994251149 0.00328918232583719 0.489115543418109 0.00122745109657633 0.000630719088079541
"SRS015139.SRX020561" 0.011870321764826 0.000680450554802582 0.000456820724946466 0.000446667002092745 0.00100115507342859 0.98205247665185 0.00175133399981647 0.00174077422823672
"SRS015805.SRX020562" 0.0336589296926731 0.412582923448166 0.0742322276666121 0.0341371657754336 0.122309553470043 0.285744290444786 0.0369052730646086 0.000429636437676995
"SRS019552.SRX020547" 0.261185738649096 0.234195587808345 0.0601572388034974 0.0905768558305349 0.160230334557435 0.192940261135811 0.000367869613772397 0.000346113601508469
"SRS019552.SRX020529" 0.204897221579693 0.187786830650609 0.250062282095829 0.210251778914114 0.126751457557233 0.0197913557919555 0.000231616086400031 0.00022745732416699
"SRS015192.SRX020529" 0.239073061690966 0.208432536271406 0.0482427428222958 0.330862810675781 0.0725077769934128 0.10020846353631 0.000288402742253002 0.000384205267575937
"SRS023019.SRX020682" 0.0483075323777449 0.0702178613507704 0.380772006463945 0.40847598052451 0.0199227029071671 0.000439060758691576 0.0713522170698407 0.000512638547329992
"SRS024545.SRX020682" 0.217410873238467 0.00502763460911405 0.687890631617309 0.000269387917743246 0.0301366736453642 0.010490428177144 0.0484811881035486 0.000293182691310045
"SRS042602.SRX020690" 0.00174506461809839 0.168123899125083 0.34460294265741 0.0854720339522155 0.0216819013677533 0.00582124138535786 0.372173885700617 0.000379031193465047
"SRS063268.SRX020548" 0.0603612390761271 0.000355595501364798 0.67888265568564 0.00655623668859173 0.127897883634976 0.0888555439553815 0.0352487831144198 0.00184206234349881
"SRS042360.SRX021470" 0.00763285511472657 0.000333851936604602 0.318682317551016 0.416581528829431 0.000798419332902405 0.0463444837528498 0.174163733220211 0.0354628102622587
"SRS065711.SRX022229" 0.000386800780717862 0.025651035044328 0.307974724881023 0.279443974354528 0.000472161331217849 0.0136127921506557 0.213290406347852 0.159168105109677
"SRS024365.SRX019684" 0.340600013704683 0.0289971906073885 0.264927223017179 0.00754042972488293 0.00042671308300149 0.000924298667986982 0.236329432171156 0.120254699023723
"SRS018555.SRX020529" 0.00120051278570911 0.0967559604726376 0.483224512287954 0.000319622195716387 0.000430988861361297 0.416798597678515 0.000688946757757973 0.000580858960348682
"SRS055187.SRX020687" 0.10542055842149 0.000714912692464301 0.299896063762604 0.0245972642530736 0.557210499178862 0.000387500051599604 0.00310339278182959 0.00866980885807685
"700014999.V35.241686" 0.452192495300077 0.000526796780685047 0.00295040466715801 0.000399571321682481 0.0150116791147779 0.0185037593001867 0.136892924234836 0.373522369280596
"SRS043187.SRX020686" 0.201439021456554 0.188836283376169 0.360857223570848 0.216056667641645 0.00122966575347193 0.0204089178341136 0.000506403792203656 0.0106658165749942
"SRS045482.SRX020686" 0.182995363546157 0.312778087424126 0.219198717623507 0.106997378028487 0.173278799673281 0.00192100181217015 0.001539346488284 0.00129130540398835
"SRS045403.SRX020690" 0.0161272253409977 0.0347888916927806 0.20132045078379 0.226874572149675 0.0167941210720724 0.00022116871074923 0.503671198143301 0.000202372106634106
"SRS019498.SRX020529" 0.00221863460256696 0.165667610921542 0.00917884573725723 0.581520141458397 0.0176436098596569 0.22322229034439 0.000276128865420742 0.000272738210769445
"SRS020267.SRX019636" 0.107980583663177 0.0290152465607983 0.170506342280427 0.636814544892775 0.0249876939324001 0.00063448059287143 0.0260002259518952 0.00406088212565664
"SRS017549.SRX019635" 0.0368220937018074 0.0765655095143988 0.406691107777112 0.434226099446282 0.0144174929608717 0.0289484102188181 0.0015254948241043 0.000803791556605784
"SRS020263.SRX019636" 0.395102924450128 0.000377006968183798 0.000435393213096598 0.145094728462495 0.458015225407269 0.000326690001899971 0.000337467786739922 0.000310563710187637
"SRS017549.SRX019636" 0.0283512736074501 0.0344069580393919 0.472420584975663 0.406809178220958 0.0273048438383406 0.0289215555235353 0.00134671698724458 0.000438888807416867
"SRS020267.SRX019635" 0.078691711569464 0.00107689754404649 0.169950689599383 0.691582135344204 0.014386986550938 0.000637481200345407 0.00411662168246966 0.0395574765091497
"SRS023768.SRX019681" 0.605476985013822 0.00211686666486722 0.297928594808903 0.0918618486143584 0.00101348723390176 0.000541849376436572 0.000563915676908357 0.000496452610802248
"SRS020443.SRX019682" 0.556201645609901 0.0542530398932433 0.257812692997014 0.000600632664620024 0.000794059339405566 0.000405748983090897 0.129458489048619 0.000473691464106606
"SRS058182.SRX019682" 0.39227926907474 0.0460439709028749 0.000596341485171844 0.0359901084965757 0.524192615711757 0.000320777516837147 0.00030092931643654 0.000275987495606803
"SRS024363.SRX019684" 0.173270537469689 0.00191958124769053 0.411152178862617 0.266794054780796 0.00108002840222892 0.000360305304686475 0.143806499668119 0.00161681426417195
"SRS024482.SRX019684" 0.23137585250279 0.000302074190757669 0.000469598587106033 0.592873529768891 0.174209946169626 0.000305502258044842 0.000236318602573996 0.000227177920210525
"SRS017731.SRX019687" 0.210597983244192 0.0025453632344497 0.000471856361305466 0.0932693013239443 0.549329308848771 0.000629986308581951 0.142267448710405 0.000888751968349837
"SRS017487.SRX019687" 0.000336288730408935 0.000354952405536295 0.61633564573001 0.132834537064897 0.000377704721686064 0.0231874325118864 0.0591523070713411 0.167421131764234
"SRS024124.SRX019686" 0.308652196429925 0.00480006714721584 0.0837379482169012 0.323842790796825 0.0206435371010229 0.000247078057826876 0.257708285618719 0.000368096631563723
"SRS016672.SRX019691" 0.000235558493505661 0.0718988947159424 0.135067955547021 0.412013541774461 0.160036051648501 0.046772889702584 0.171708024848975 0.00226708326900964
"SRS023942.SRX019690" 0.172746958681848 0.00145429708689552 0.00026328156568239 0.755060426277452 0.00136560627088074 0.000414131221157455 0.00188159065506754 0.0668137082410165
"SRS018343.SRX019691" 0.686177471100336 0.184136409918682 0.00734068535054748 0.0828936314167998 0.000786506428451409 0.00333997445367698 0.000692676574319386 0.0346326447571863
"SRS017035.SRX019691" 0.282635415537039 0.00584888696284989 0.0341565339262892 0.205331168591454 0.351307147943416 0.015110467278861 0.105094918316778 0.000515461443312782
"SRS013727.SRX019690" 0.062195351902514 0.0355407788471886 0.00126364839429317 0.60109990423655 0.00334507502512692 0.000411410876981004 0.000931576794291067 0.295212253923055
"SRS023944.SRX019690" 0.28086680698968 0.0608204081475266 0.0248726164665888 0.442658705504642 0.00121897081892383 0.000490349861537832 0.020318798062108 0.168753344148993
"SRS024236.SRX019696" 0.771780921176409 0.0630591599980094 0.00103845171793916 0.0694730438217035 0.000988334682163393 0.000557015197466978 0.0925377235986704 0.00056534980763837
"SRS022641.SRX019696" 0.00392016248085699 0.0898554003116725 0.138161062285874 0.385012775937191 0.000969304167603866 0.000864406890681435 0.156284862055102 0.224932025871017
"SRS016376.SRX019693" 0.0859038543548601 0.00680652206984877 0.830722370708822 0.0133059871363544 0.00797399873662479 0.000396222940638006 0.000334513827747938 0.0545565302251039
"SRS022643.SRX019696" 0.000323866426344206 0.0647981539840388 0.203788613874976 0.686546405409993 0.000347424884237915 0.000537073245313214 0.000676449650148959 0.0429820125249476
"SRS022637.SRX019696" 0.000378307522939315 0.309924222719963 0.337868250155508 0.144540963776942 0.00457627784480429 0.000232855176753949 0.096491430466388 0.105987692336702
"SRS022643.SRX019692" 0.0016149931008395 0.0850041641703484 0.224212666183762 0.625244711044204 0.000422786099369778 0.000553090466589813 0.05182124942366 0.0111263395112266
"SRS023942.SRX019698" 0.151826885652724 0.0209516677822723 0.000346729034000688 0.693747272152407 0.000606792685270455 0.000446429532518759 0.00133607200856316 0.130738151152243
"SRS016883.SRX019696" 0.785253795497033 0.00318118141992888 0.123340737329782 0.00178967203795985 0.0578312391803437 0.000583223456789577 0.0275413640544597 0.000478787023703507
"SRS023204.SRX019696" 0.404928218613485 0.168831452543868 0.00067523141612402 0.0281726874443177 0.295356247500833 0.000345822473323145 0.101091227251314 0.000599112756734833
"SRS022639.SRX019696" 0.000401787154679903 0.500780744794565 0.00152953196445455 0.0941182264443795 0.384915712224762 0.00031343052456708 0.00133872134943959 0.0166018455431531
"SRS023942.SRX020204" 0.234183920976093 0.00437840651882965 0.000262607419330382 0.660344608121124 0.0162039634101545 0.000292378028045802 0.000392925819222963 0.0839411897071996
"SRS022639.SRX019692" 0.000466602462927412 0.596889490468693 0.00139845227358921 0.0409141784301181 0.35899769613897 0.000349197625100955 0.00048162238887897 0.000502760211722117
"SRS044714.SRX020217" 0.267545738940453 0.00216414918420598 0.49077349335014 0.2299902870189 0.00232562693210804 0.00205583836591443 0.000631348708781507 0.00451351749949686
"SRS023768.SRX020198" 0.412342535284028 0.00154949807406533 0.368248884534259 0.170756261311134 0.040320696595387 0.00438999426314713 0.000472341895482321 0.00191978804249721
"SRS024659.SRX020208" 0.277502245187114 0.00138857934082769 0.694688494093806 0.00310718902429834 0.00121214236680688 0.0211825256176465 0.000482034188909472 0.000436790180591587
"SRS016376.SRX020205" 0.18397363628441 0.0144090547234123 0.70287340394584 0.00477084990201135 0.0192382947509079 0.0103439267898411 0.000354396056157906 0.0640364375474199
"SRS024058.SRX020198" 0.405941147279224 0.00585679432443164 0.000826068365373094 0.47234497616405 0.111610959329889 0.000399513459721912 0.00260665567298449 0.000413885404326572
"SRS019554.SRX020560" 0.224768785467459 0.00411780229187152 0.194326802728089 0.102935032393753 0.388998130803874 0.0388766220013702 0.000289980030242277 0.0456868442833403
"SRS015196.SRX020561" 0.00168710092599143 0.000574719171645 0.000943382861562749 0.000573615295086687 0.000186650188376178 0.995332164446768 0.000422620727351899 0.000279746383218465
"SRS014927.SRX020561" 0.00382632962620489 0.000774509054763899 0.00036832703948557 0.572424665156566 0.0122085039257946 0.409985702212017 0.000197168382500671 0.000214794602667145
"SRS019558.SRX020561" 0.118765298523283 0.0713643366098239 0.229083819421991 0.402865044666665 0.0122771927921342 0.165227851649955 0.000191944880946471 0.00022451145520207
"SRS019554.SRX020561" 0.19569300944277 0.126415737805153 0.193151720776774 0.00893565407038784 0.415606718854708 0.0596133522046451 0.000322305827444757 0.000261501018117199
"SRS015196.SRX020582" 0.0153513269901751 0.000410433888535383 0.000759026126222575 0.00308235811177779 0.000248163705999786 0.97927848687323 0.000489001082607477 0.00038120322145154
"SRS019554.SRX020582" 0.232194079795763 0.0416416545089276 0.139091442846911 0.0373402794475718 0.509130522032114 0.0398374248213283 0.000421456520280503 0.000343140027103419
"SRS019677.SRX020561" 0.136895319719703 0.0839977051486357 0.219400271325195 0.0497864176448874 0.423408547676603 0.0860494106339914 0.000222567923145864 0.000239759927838966
"SRS019677.SRX020582" 0.118600480445617 0.0816770264732392 0.21197037609886 0.00200515331477309 0.539192799837775 0.0459362075585403 0.000310951551878631 0.000307004719316516
"SRS019005.SRX020510" 0.0510622004238668 0.0354144761940201 0.440661825292402 0.383813860202279 0.00300718649831053 0.0677154037512742 0.000360574452120725 0.0179644731857258
"SRS019005.SRX020520" 0.0331059988923985 0.00968605388420179 0.41989111877233 0.416802393721064 0.038169143230493 0.0662065684760725 0.000286120679911851 0.0158526023435287
"SRS011551.SRX020668" 0.266446991236383 0.000331658390821725 0.000227156779019189 0.000430377420317212 0.000458005572849913 0.000233978980779514 0.105739610942467 0.626132220677363
"SRS017189.SRX020571" 0.163603037072173 0.00396191756496942 0.0483977464929074 0.0126157508032096 0.033754489171129 0.176198867517764 0.00469516264218998 0.556773028735658
"SRS019552.SRX020551" 0.342098675876795 0.207238907332694 0.148790753050252 0.158779698190765 0.142231086221098 0.000280710549889627 0.000233983043779406 0.000346185734726618
"SRS019554.SRX020551" 0.249021741159629 0.104996238143987 0.209654302350176 0.139336452683115 0.295987306581483 0.000281073111566172 0.000416973332062038 0.000305912637983085
"SRS019552.SRX020557" 0.330631026678045 0.228326074087785 0.111413971002603 0.0403917373694488 0.121554321472477 0.167025491356562 0.000360901291658594 0.000296476741419723
"SRS016052.SRX020566" 0.00136068021769614 0.000416987044439687 0.293606121197249 0.117242441042536 0.0035112515877734 0.491128523014863 0.0571091151202084 0.0356248807752344
"SRS015860.SRX020566" 0.12629579190607 0.0106447045774318 0.215752859837286 0.00948638878981319 0.000377543311521294 0.568466291117559 0.0684248397838844 0.000551580676434151
"SRS057750.SRX020524" 0.376728109951743 0.373696198182706 0.175833469549047 0.0334402708515561 0.0210766885581474 0.0187588068259577 0.000223414965208384 0.000243041115634317
"SRS047456.SRX020549" 0.334925063501351 0.0678695189743391 0.116769393999113 0.196775352647639 0.000467018017110743 0.181412671300186 0.101237735793749 0.00054324576651202
"SRS054358.SRX020549" 0.108297258004208 0.246682860995337 0.000806095753479647 0.210191495084829 0.0120140884916588 0.337390902160135 0.0841400533372563 0.000477246173096728
"SRS053553.SRX020549" 0.229702890606055 0.3725785545813 0.000427366099824998 0.000379850159151418 0.206371448046017 0.18994232684686 0.000289515199902557 0.000308048460889454
"SRS018958.SRX020529" 0.524807797998418 0.146033103661271 0.0049931355119087 0.213038253115758 0.00138785685018091 0.0831952874184478 0.0261912313362568 0.000353334107759394
"SRS019308.SRX020529" 0.38587198536492 0.0726810580046282 0.306172047327039 0.0374075113169001 0.131100618802496 0.0658849357262413 0.000299664804832332 0.000582178652944251
"SRS018860.SRX020529" 0.00487625389771352 0.0394317090279253 0.238703492633426 0.000436291862078132 0.641016447567127 0.0740090171347533 0.00036396576648798 0.00116282211048849
"SRS019627.SRX020529" 0.0676393707370447 0.000570902023948185 0.112730751617341 0.165947871316152 0.0177114701716416 0.634636915865199 0.000433925838873924 0.000328792429798946
"SRS018698.SRX020529" 0.561387249369443 0.0223837215484811 0.367475452021276 0.00449813339991605 0.000584728597800996 0.039866008141049 0.00036204720434769 0.00344265971768539
"SRS014927.SRX020529" 0.0941876861169644 0.0159204839907435 0.0397081129291095 0.600200991492134 0.000247873769742276 0.217925848641465 0.000254640193240744 0.0315543628666015
"SRS063964.SRX020517" 0.0576247026566407 0.320224831768058 0.000856466067198939 0.528771633330741 0.000239977187570189 0.0914385385156188 0.000243283913955609 0.000600566560216671
"SRS065533.SRX020517" 0.000236873087669429 0.000176271739160438 0.000156671834807991 0.998804021596654 0.000138505498961763 0.000202500181211055 0.000142260860618962 0.000142895200915831
"SRS053393.SRX020527" 0.897078426814668 0.000842068257292263 0.000785481098029943 0.0665951694669736 0.000445827493822623 0.000436692628853927 0.0328801975929946 0.000936136647364992
"SRS014879.SRX020566" 0.157097053093934 0.177957010142289 0.000738137307689211 0.362919895110545 0.000313477283297762 0.181569305552951 0.118555510191871 0.000849611317422427
"SRS044071.SRX020524" 0.631410251870968 0.272276237954452 0.0807288022275671 0.013069284791386 0.00148417351617003 0.000419071150820894 0.000275346916305064 0.00033683157233087
"SRS023017.SRX020679" 0.417755760012947 0.0976420705417645 0.0393905629180099 0.163926613864799 0.265197906937543 0.014947587522476 0.000374411990766016 0.000765086211693854
"SRS057843.SRX020524" 0.460540285352105 0.490996129037595 0.0137690209376319 0.0293249726561636 0.00450869834825691 0.000315684551308962 0.000307132541892169 0.000238076575046802
"SRS021569.SRX020679" 0.302564890101253 0.102801023747561 0.0555896327234597 0.398166121485828 0.0811718668678446 0.00281925339092227 0.0566540045154823 0.000233207167649568
"SRS022444.SRX020680" 0.751644637843902 0.0233493163025706 0.00608358462771795 0.136891871351892 0.0188157872536694 0.00164529511661868 0.0520434026517822 0.00952610485184692
"SRS023881.SRX020681" 0.355630499813158 0.435725634792223 0.109576900203242 0.0127196796389993 0.000361960275906016 0.0126946102431016 0.0728969770071606 0.000393738026210012
"SRS047925.SRX020681" 0.7557712302102 0.103182299821602 0.0548378252869292 0.038964194753405 0.000506540659644167 0.000518776351426968 0.0202472613314191 0.0259718715853736
"SRS021631.SRX020682" 0.054559416029586 0.00185396809198432 0.0988651204031054 0.0697599546900651 0.325703685144941 0.00956895959676633 0.393891579178831 0.0457973168647207
"SRS020151.SRX020682" 0.353103518317563 0.0430180601983146 0.184163046169143 0.00374614865316001 0.0219280721255152 0.000489776510877197 0.393170013547614 0.000381364477813603
"SRS021575.SRX020683" 0.0133616898498869 0.00508489088080944 0.000886999912167223 0.94528688103061 0.00788117334636315 0.000255736134706366 0.0269902591097883 0.000252369735668868
"SRS044141.SRX020684" 0.038191655436715 0.00112396326338279 0.00073450636956881 0.0400681604186775 0.416646197561437 0.00041121383752012 0.499758983151095 0.00306531996160427
"SRS058765.SRX020684" 0.211046680583799 0.0932559341625059 0.0243506192149977 0.190431442956726 0.480148415918156 0.000238889883260136 0.000255724947049437 0.000272292333504714
"SRS058390.SRX020684" 0.685140539792856 0.00100517650593559 0.00112720627556845 0.000964454054047411 0.270504318416897 0.000293348667488724 0.0405007853642812 0.000464170922925552
"SRS053457.SRX020685" 0.17777552758438 0.555195003168697 0.000466543300494813 0.264619601095293 0.000955939726442045 0.000326615203083344 0.000360669816888453 0.000300100104721851
"SRS042235.SRX020685" 0.15041306810407 0.518593117783001 0.000927435658412283 0.037655559273242 0.280585660671766 0.000343166353610025 0.0108364350334247 0.000645557122474502
"SRS046835.SRX020685" 0.0821525825504947 0.0668280217489491 0.00249523265558343 0.695645696543436 0.152186494045612 0.000232428933728 0.00022840402982658 0.000231139492370598
"SRS046379.SRX020686" 0.00102734605368196 0.000639686734967329 0.708787108519649 0.254283529461584 0.00542493522631942 0.0192155007160101 0.00102377297804317 0.00959812030974486
"SRS058273.SRX020686" 0.218827166936493 0.0976917162628634 0.00775446506842328 0.41926226188508 0.0548165509573528 0.000496583101288165 0.200049398746028 0.00110185704247035
"SRS047484.SRX020686" 0.45826334080901 0.0816724479285867 0.142423928487626 0.191471497778955 0.0561579439379013 0.000402493051645736 0.06928668489064 0.000321663115634743
"SRS053138.SRX020686" 0.358329418734382 0.33124448479102 0.0773304988085137 0.095223447438737 0.0530661736483309 0.000234462868271624 0.0743432764063923 0.010228237304352
"SRS055673.SRX020687" 0.175132603243221 0.00189940979114175 0.441495569837003 0.0592704218332868 0.290425895046922 0.00962849888150235 0.0218470507242483 0.0003005506426749
"SRS050248.SRX020687" 0.185117353063281 0.262753782755806 0.431003046603683 0.051810467706412 0.0675570293288947 0.00134357767611139 0.000236414917336755 0.00017832794847576
"SRS043241.SRX020687" 0.337101201239493 0.0799009503131455 0.259417671614678 0.189041613862274 0.000867099593307784 0.00054692770889406 0.132759850661281 0.000364685006926875
"SRS043568.SRX020688" 0.0714260542424121 0.00137460397317143 0.72283444478503 0.127216765722608 0.0642571008025227 0.0112726612084674 0.000931137520769857 0.000687231745018881
"SRS048865.SRX020687" 0.404249716654648 0.0782967529000876 0.245548085699208 0.0633835098540438 0.0927268623445973 0.000395305656286176 0.115055355275189 0.000344411615940296
"SRS046089.SRX020688" 0.225224430900717 0.0795549223359272 0.453118362655006 0.0573173056456319 0.0438461565542031 0.000373006808350595 0.140176266944777 0.000389548155387441
"SRS053304.SRX020688" 0.0139709953991491 0.000743020879976978 0.648314073368752 0.218517219857397 0.0430882082872114 0.000610701524415649 0.0743107869968735 0.000444993686223953
"SRS063456.SRX020689" 0.0743954800392689 0.00127315574313899 0.541794288312624 0.315432269890654 0.000864994171970885 0.0646168484592077 0.000775533271330908 0.000847430111804841
"SRS042830.SRX020688" 0.23071835393428 0.121034337620046 0.450785994198804 0.0513698549259571 0.0851907259614825 0.00230736037613527 0.0582847161824213 0.000308656800873263
"SRS063488.SRX020689" 0.136625304925687 0.123745926217192 0.0229930999420285 0.401514988121765 0.0953605317190513 0.000531017601401454 0.218914631698255 0.000314499774620222
"SRS063168.SRX020689" 0.217954071982843 0.0389596217510848 0.000462635981396953 0.0284764950673099 0.118777341531338 0.000283167856070258 0.59469652256668 0.000390143263276909
"SRS064030.SRX020689" 0.485830907768927 0.0449187315589423 0.0758944111949047 0.340761304283832 0.0164442571501657 0.000373180772007535 0.0354072742055964 0.000369933065624356
"SRS064312.SRX020689" 0.169403963069432 0.00199695255098267 0.372418370306517 0.437188683082621 0.000287350920361504 0.000346842889376409 0.0180666387867016 0.000291198394007271
"SRS052599.SRX020690" 0.00876661987193541 0.000356131938994386 0.571439619705978 0.357343161653838 0.0602775538378163 0.00063247194709224 0.000409767789117135 0.000774673255229374
"SRS046874.SRX020690" 0.18463001370933 0.181089476029122 0.154075284870259 0.215957419263133 0.0144377164275808 0.000222265756644998 0.228336739996907 0.0212510839470233
"SRS058273.SRX020690" 0.140909732202147 0.0413632004356552 0.132672562413188 0.313580934927377 0.0743816560859238 0.000332750449753438 0.296571967940401 0.000187195545554361
"SRS056677.SRX020690" 0.0565318027369396 0.0209380382697183 0.483571809968867 0.233437280080322 0.0119691412524012 0.0048975736862 0.157912959649261 0.0307413943562905
"SRS043928.SRX020549" 0.481970205857834 0.103044285484695 0.000603875159884328 0.30453151790564 0.000611211935181357 0.0747871441907017 0.033929891468538 0.00052186799752649
"SRS048843.SRX020529" 0.163063731830374 0.00156857054753171 0.511051837959413 0.207440743864209 0.0261068556871956 0.0882023292970579 0.000311817451180728 0.00225411336303803
"SRS018858.SRX020529" 0.00133485461257383 0.0118564899544164 0.368706839981648 0.0446896203171742 0.522696052668307 0.0499494255686977 0.000354023666065214 0.000412693231117782
"SRS055888.SRX020527" 0.250935988870841 0.00105387618853455 0.609681864280282 0.100917698049492 0.00900315620651704 0.0278631390853246 0.000272467459857752 0.000271809859151639
"SRS015192.SRX020561" 0.155074611566264 0.180947843215227 0.0370702215966949 0.238871371535701 0.0290884318498562 0.358224947246684 0.00039033016963454 0.000332242819938587
"SRS015198.SRX020582" 0.000392249012908785 0.000262790502957116 0.000560396919116457 0.0810320358906908 0.0106787789950556 0.906502719594578 0.000305894748734789 0.000265134335958834
"SRS042958.SRX021470" 0.0434488873999849 0.000680869613184515 0.00107593301972691 0.875804367410947 0.000586134033037543 0.0460646783261299 0.0321107799304213 0.000228350266567578
"SRS023699.SRX022223" 0.232091792011095 0.405028314221719 0.000705861662670178 0.186346574685373 0.000390203986189083 0.0619842017651272 0.113042252017289 0.000410799650538481
"SRS023137.SRX022226" 0.195472659917047 0.368256978500061 0.00102412591719293 0.338207688467721 0.0932604662726063 0.000540937388716872 0.00285177558168455 0.000385367954970303
"SRS062733.SRX022229" 0.32448559781831 0.0681415114057512 0.000742688721341956 0.534751955660583 0.000475513666738706 0.000698828642574776 0.0701575123140946 0.000546391770606385
"SRS062799.SRX022229" 0.000712621730259468 0.021009592796927 0.0411935799547964 0.274406812958781 0.0063404205554014 0.000336136986504497 0.655486002928674 0.000514832088655946
"SRS046325.SRX022229" 0.033022512246723 0.000453155547837514 0.210253716827913 0.558309636398926 0.000225486704890984 0.0470703992567638 0.106351341384518 0.0443137516324279
"SRS063931.SRX022229" 0.00963008910612389 0.000941172457312597 0.327683397558761 0.461855793451543 0.000375280967546083 0.000538574993496848 0.198322515024312 0.00065317644090447
"SRS065597.SRX022229" 0.304042542351938 0.44923992135028 0.000623136416255179 0.205732693656921 0.0380300265955484 0.000505987374576103 0.00128566814642127 0.000540024108060108
"SRS021095.SRX022230" 0.0373643279600074 0.853451845644583 0.0019157964165632 0.104705443613131 0.000686474591510826 0.000555597040375727 0.000874273551268504 0.000446241182560295
"SRS050217.SRX022238" 0.295653131618574 0.00108003688083313 0.0004120707050951 0.630683421135997 0.0709847706564899 0.000502265714881813 0.000284352774247189 0.000399950513882388
"SRS042248.SRX022238" 0.10226459819613 0.176257545470678 0.028237227233657 0.623084585736494 0.0475746463666753 0.000921593371449531 0.021213335010686 0.000446468614230294
"SRS058051.SRX022238" 0.284177728945299 0.397152292764091 0.000597564060471094 0.194628998850905 0.000385306390019096 0.00525370810949098 0.117461444708702 0.000342956171021998
"SRS051280.SRX022238" 0.0259031452910977 0.000527406606876154 0.190778315734473 0.0207795015998175 0.625237339036562 0.00065379389950025 0.135310972206318 0.000809525625355906
"SRS043400.SRX022238" 0.00210247626257487 0.216538083322651 0.00081265054203509 0.00276304226147688 0.000310318727107752 0.00126380796691143 0.775530021462198 0.000679599455045519
"SRS047507.SRX022238" 0.255071351497455 0.00172785988133457 0.000387457994937219 0.290216777347235 0.451337332806741 0.00042358796646962 0.000403481287925397 0.000432151217902414
"SRS020954.SRX022233" 0.211565474486084 0.526752768768194 0.0759167597160538 0.0881281522804487 0.00165421853472932 0.000395443785484088 0.095140887274387 0.000446295154618711
"SRS022257.SRX022233" 0.000143756803851466 0.000195351136717351 0.000250115198975624 0.367300443147302 0.000127954094976774 0.000251453880067079 0.359515276188082 0.272215649550028
"SRS021394.SRX022233" 0.0958949654366168 0.538509666678094 0.00067855221219673 0.28671824558436 0.0724791779644034 0.000517505904198347 0.00475151230183239 0.000450373918297776
"SRS055231.SRX022234" 0.341909339427686 0.277976187400696 0.000646273746969126 0.289587420801168 0.000519095667436042 0.00044412376913958 0.088532594677512 0.000384964509393367
"SRS051696.SRX022234" 0.375030773828507 0.0523395096899214 0.11256399870556 0.367933075831798 0.0881715549143785 0.000476246943862214 0.00281846838263967 0.000666371703332897
"SRS057272.SRX022234" 0.00152314084462116 0.0010296713009364 0.000249211100144332 0.995696843432687 0.000315094837397503 0.000469541057812778 0.000380001454599117 0.000336495971801754
"SRS056107.SRX022234" 0.128842471190013 0.264045111564097 0.00941010690765038 0.230235952711279 0.29320649932627 0.000371415706582294 0.0730262112078109 0.00086223138629807
"SRS021820.SRX022231" 0.10096553238341 0.00129444976650987 0.185733653711989 0.172670558757633 0.497697961867972 0.000505395404069146 0.0408212063642396 0.000311241744177812
"700015480.V35.241665" 0.827504224878251 0.000552412397363464 0.0007189324345782 0.167077313173945 0.000582991485198238 0.000678736505286265 0.00236431888138553 0.000521070243991845
"700014996.V35.241686" 0.137820544595518 0.0142699303226747 0.00664779882642703 0.274890420471574 0.0342959688252192 0.000326785765883055 0.19464969049297 0.337098860699733
"700033022.V35.241834" 0.033082987785427 0.687233793623446 0.00055764506357421 0.112372733752971 0.000546959076055015 0.0880792752229908 0.0774952774835109 0.000631327992025067
"SRS018218.SRX019639" 0.416790975391157 0.347826346510089 0.205847375175187 0.0276839217062694 0.000547099592434513 0.000464081270318401 0.000455231604752937 0.000384968749792027
"SRS024122.SRX019686" 0.452269401343698 0.00077341956919712 0.0561836217522902 0.194234604372949 0.000436728912504596 0.000389474122992683 0.295142125674199 0.000570624252168788
"SRS017371.SRX019687" 0.0472162608813707 0.00223826111690738 0.857510236717048 0.000484150916671697 0.0907257555673653 0.000333157115988662 0.00103401701671473 0.000458160667934021
"SRS017485.SRX019687" 0.0539652746626836 0.129484697926418 0.319868715037445 0.252581354948467 0.199118638895563 0.000771493781348908 0.0403280741132515 0.00388175063482357
"SRS022002.SRX019689" 0.157843043819582 0.0179228735819221 0.0521439818603485 0.701254526397522 0.000286772960589098 0.0107762793216758 0.0590469317722157 0.000725590286144814
"SRS017032.SRX019691" 0.377871042307056 0.0437344266918635 0.0374021308704206 0.278204632540592 0.124436771050612 0.000464428572378304 0.137491939796337 0.000394628170741053
"SRS017963.SRX019690" 0.79080722434752 0.000568886818334712 0.00100635003503773 0.150669310911039 0.000598215240379645 0.0505675960204603 0.0049887101662475 0.00079370646098067
"SRS021514.SRX019690" 0.491335967123616 0.335414115872513 0.00100266888919882 0.0459702433510998 0.000557392145105066 0.000456794107901257 0.123887115274468 0.00137570323609861
"SRS022123.SRX019690" 0.0448404590060967 0.549382916021494 0.000736674474541841 0.0172136819441 0.195796550008733 0.000391388065316793 0.191128632067381 0.000509698412337015
"SRS024657.SRX019700" 0.338309237500732 0.0317705713193015 0.540221798426274 0.0814921984384618 0.00150475818838512 0.004853171280095 0.000541997522925447 0.00130626732382472
"SRS024236.SRX019692" 0.762513723412487 0.00156081616764303 0.0281879596365501 0.110059091569628 0.000489111399573025 0.000361307439397166 0.0964105288264044 0.000417461548317219
"SRS020447.SRX020205" 0.272589323065958 0.00617576868077448 0.334361533679595 0.000490684605923508 0.000503079272485687 0.0297436120470206 0.321294691563789 0.0348413070844534
"SRS024657.SRX020213" 0.424249015044209 0.0187753857397327 0.406105698732971 0.112885417423835 0.0122796458517796 0.0247589025140814 0.000391525569723063 0.000554409123668532
"SRS048843.SRX020561" 0.13921214410614 0.0183047398840819 0.506581742536928 0.201812053823 0.0177688762324486 0.115863394071371 0.00024504876234145 0.000212000583688839
"SRS045752.SRX020561" 0.229477166918395 0.102997358286481 0.287617377078369 0.0381099869592598 0.0328220739104905 0.308316274926603 0.00031675644095296 0.000343005479448169
"SRS011435.SRX020662" 0.0470268555270521 0.0328161874174944 0.000470104450054098 0.00732288699618669 0.0652016585315434 0.196732177664764 0.000450896782075148 0.64997923263083
"SRS011434.SRX020664" 0.000350277212943489 0.105617208772111 0.000418348817086743 0.05186266818621 0.000327524857091546 0.311876342607436 0.00152805026236567 0.528019579284756
"SRS011435.SRX020664" 0.0178257313622094 0.0386772437672893 0.000353958514018398 0.000601984329417718 0.0234347616635197 0.184939857585652 0.000649680960015217 0.733516781817878
"SRS011179.SRX020515" 0.341276893507753 0.000804390805945089 0.00555560093789976 0.00080983495097221 0.05960621351148 0.123225093244025 0.132362006324795 0.336359966717129
"SRS019310.SRX020552" 0.399239611886352 0.00320316664336055 0.297804346632612 0.287128270125634 0.000579952861419873 0.0114715414856301 0.000276546966074645 0.000296563398916492
"SRS019556.SRX020557" 0.1610237879588 0.0664927870686584 0.32948017990272 0.318738221201763 0.00164786342069637 0.121918768643419 0.000342678390824395 0.000355713413119675
"SRS064960.SRX020549" 0.197164276748996 0.000843673402444632 0.629826762810005 0.000544959059567761 0.00356617729797028 0.167220285038309 0.000423416908572123 0.00041044873413588
"SRS018964.SRX020529" 0.120339195675059 0.0599053030622893 0.103538103605269 0.187521680610309 0.000340012030597796 0.476790755761765 0.00105864844659477 0.0505063008081162
"SRS018864.SRX020529" 0.000184688686609757 0.000388916003902556 0.486007495920374 0.0251100646665139 0.056871305539295 0.152200528790357 0.0129909396788458 0.266246060714102
"SRS042716.SRX020529" 0.358672250967354 0.0236388187758928 0.00280382098802817 0.158308651657257 0.42580922544379 0.0302434224768731 0.000243578846741094 0.000280230844064612
"SRS055001.SRX020527" 0.514788330700538 0.187419055078789 0.272259305280068 0.000570011020806157 0.000461860545251027 0.0237317373573819 0.00041141527721845 0.000358284739947211
"SRS062703.SRX020548" 0.0021809381503932 0.000720655717352946 0.331921781142765 0.390414238478303 0.000241570532913428 0.14097824049593 0.133284853608413 0.000257721873930037
"SRS063253.SRX020548" 0.000737130797531024 0.00129914697737197 0.323563220369437 0.254991944007439 0.000265901358326089 0.375950210308387 0.000382567835088274 0.0428098783464199
"SRS011549.SRX020660" 0.447091465561171 0.0771318042601176 0.000852921367945047 0.00291724093114918 0.00096289153991175 0.0246630927870628 0.000490595577271833 0.445889987975371
"SRS023015.SRX020679" 0.544694819544246 0.0013215979487608 0.027281282771943 0.0466864442903139 0.378941828664925 0.00034230542199545 0.000390139230390058 0.000341582127425183
"SRS022952.SRX020679" 0.000584849948654999 0.364517388901183 0.000417660531970459 0.00086684547673522 0.243322533976149 0.000473571433952167 0.389378784584919 0.000438365146435788
"SRS023518.SRX020682" 0.285574765575709 0.43220730487904 0.120922869352927 0.0221860277331439 0.00044355465549368 0.000341407821053621 0.137808970098176 0.000515099884456151
"SRS023017.SRX020683" 0.442197663934411 0.157999647569835 0.0614618198049082 0.0791684669930537 0.257913948944745 0.000552133127731536 0.000384170305404496 0.000322149319911424
"SRS024539.SRX020682" 0.285658335895107 0.170663678609896 0.140797430660819 0.0137533789127906 0.351012621005429 0.000421750413359188 0.0373398950834365 0.000352909419161517
"SRS050385.SRX020688" 0.359576071638828 0.354729613560949 0.174371270007215 0.108886195272314 0.000354866874213389 0.000697155240852355 0.000930875532976056 0.000453951872652028
"SRS049090.SRX020688" 0.00112938160077185 0.011190904943334 0.752904551965705 0.197879364127838 0.023188881408025 0.0126541370534893 0.000603863362683979 0.000448915538153308
"SRS063154.SRX020689" 0.196159825958587 0.273402114770166 0.385230536743474 0.00443996919517369 0.023684767980186 0.000327310965771653 0.116383934057205 0.000371540329436761
"SRS050224.SRX020549" 0.00105006612192019 0.446405213782946 0.00269860364286049 0.314082161167631 0.000597226141002862 0.210059807033415 0.0246757986981515 0.000431123412073638
"SRS051800.SRX020549" 0.729933459344785 0.112005789520391 0.0624300856779048 0.0684076929257037 0.000489237812470211 0.0255045353378797 0.000714660653560192 0.000514538727304872
"SRS056515.SRX020524" 0.609902827611648 0.347655340323765 0.000525445007873932 0.0118369199306295 0.000409769338765655 0.000533781443990972 0.0281685574773737 0.000967358865953194
"SRS055354.SRX020527" 0.669811725946523 0.0868599668978148 0.0404647215377078 0.200919294895637 0.000727682473542475 0.000502166215340474 0.000411867130509445 0.000302574902925123
"SRS019500.SRX020552" 0.0608351579777536 0.208501771351954 0.00816263068223189 0.546755101233435 0.16859711579452 0.00592369879281275 0.000774346513781144 0.000450177653512559
"SRS064620.SRX022229" 0.392685119436152 0.326125433377154 0.000468330129864819 0.148946644955443 0.000488463621371957 0.00682594359544585 0.123898633795597 0.00056143108897171
"SRS049647.SRX022238" 0.232940178711514 0.456129543974111 0.000520086536502877 0.140405248820899 0.124408752626881 0.000470860304616878 0.0447273562977183 0.000397972727756609
"SRS020956.SRX022233" 0.0811662048073956 0.607046615807571 0.0170421589239585 0.0780344163231328 0.0229136049985285 0.000417312296273408 0.192900056531729 0.000479630311411751
"SRS051535.SRX022234" 0.463557382761047 0.256098313398027 0.00226663475064748 0.0361721787387279 0.000616710495625532 0.000424848809513584 0.240403115299244 0.000460815747166951
"SRS054236.SRX022234" 0.693064442017823 0.258378688820682 0.000659003713385543 0.0395727981380135 0.000567920129610808 0.000545331243824786 0.00676261469452787 0.000449201242132185
"700033025.V35.241834" 0.000508003996841279 0.824479668455239 0.000529613652020358 0.0161958816851599 0.000771199394016315 0.00441450313078373 0.152206014516227 0.000895115169712012
"SRS045536.SRX020527" 0.162566505787272 0.697603292922077 0.104720569177473 0.0318264618530989 0.000442865848434884 0.000706102619042538 0.00172657971494866 0.00040762207765341
"SRS047862.SRX020549" 0.643102511012655 0.000586490660485388 0.000515533119631718 0.000426004225303783 0.300636895901828 0.0539581064575551 0.000343592078137128 0.000430866544404133
"SRS058328.SRX022238" 0.492890988035305 0.344385600693201 0.0023606990940169 0.157347828272919 0.00144193898036493 0.000501435225197268 0.000584456936274348 0.000487052762722152
"SRS053713.SRX022238" 0.00146965058341483 0.0241803102876434 0.00400027623392405 0.000500481957052433 0.461586718309851 0.000294416033049012 0.507669942310562 0.000298204284503597
"SRS043159.SRX020686" 0.338924590796481 0.136372105407628 0.213775844213139 0.000534184754038457 0.190306245087179 0.00187218040167557 0.117798482182238 0.000416367157621431
"SRS044714.SRX019682" 0.333115051520599 0.0246132598408205 0.499547452356987 0.137000374775066 0.00194966316496771 0.00271795738874384 0.000660926380983181 0.00039531457183291
"SRS011611.SRX020662" 0.0335849440704282 0.249583631653295 0.0863841087633452 0.102723498847931 0.000575798851881575 0.459490581415386 0.0663630981934263 0.00129433820430677
"SRS014452.SRX020557" 0.57835114777582 0.0147562820950528 0.000671566221249792 0.000359094845492995 0.000382818804936797 0.379631957428597 0.0254740180796767 0.000373114749173732
"SRS050616.SRX020524" 0.114526582195173 0.81746462383881 0.000821611248389056 0.0545727672314508 0.0114108623218928 0.000642807759133035 0.00026777255348159 0.000292972851669725
"SRS043160.SRX022238" 0.0410389126712117 0.00105125127220776 0.252908215598537 0.00081867315203166 0.406847725592757 0.000709341303912177 0.295986409315112 0.000639471094230185
"SRS057305.SRX022238" 0.123980081576892 0.28565343138913 0.0300560528619397 0.455562587127045 0.0651616703782032 0.000370444100820379 0.0389500687098087 0.000265663856160891
"SRS014877.SRX020561" 0.64336482814593 0.0349172884397755 0.000756173628386013 0.000382942390222292 0.000387760812106186 0.249905689829171 0.0697205610623983 0.000564755692010749
"SRS020149.SRX020680" 0.497134700967555 0.00349651770806381 0.244563457681449 0.00298402659939378 0.250090042800524 0.000366671364481415 0.0010630238883879 0.000301558990144873
"SRS049278.SRX020681" 0.766418077471705 0.0959976461886913 0.00182118870541821 0.000585398175210872 0.132519589563531 0.000456798464033241 0.00170000451596534 0.000501296915444579
"SRS049434.SRX020684" 0.0599078976935554 0.105903062690495 0.503231003485345 0.22365100105205 0.0105088400183214 0.000322259703492774 0.0782576475837958 0.0182182877729445
"SRS054126.SRX022234" 0.00124199354882333 0.427761525527778 0.000460344578938635 0.0040655182361733 0.000411162135502547 0.000404687291658545 0.564412137669298 0.00124263101182805
"SRS018027.SRX019639" 0.61907323531518 0.0627011657950997 0.108894886197038 0.122557470980715 0.0856289942700651 0.000312858104138675 0.000450130880671299 0.000381258457092356
